10
-79
-80
111
195
-65
-306
-65
361
257
-318
-459
158
610
103
-650
-417
538
715
-270
-913
-120
945
562
-772
-959
400
1214
119
-1247
-689
1019
1192
-547
-1510
-99
1552
800
-1278
-1414
711
1803
59
-1862
-893
1549
1623
-893
-2089
0
2175
967
-1830
-1818
1091
2370
-78
-2489
-1024
2121
1999
-1305
-2643
176
2805
1062
-2421
-2166
1535
2909
-292
-3121
-1080
2730
2317
-1779
-3165
427
3436
1080
-3046
-2452
2038
3412
-581
-3750
-1060
3369
2571
-2311
-3649
753
4061
1021
-3698
-2674
2597
3874
-944
-4369
-963
4032
2758
-2896
-4088
1152
4673
884
-4371
-2825
3207
4288
-1377
-4971
-786
4712
2873
-3529
-4475
1620
5263
668
-5056
-2903
3862
4648
-1880
-5548
-530
5402
2913
-4204
-4806
2155
5826
373
-5748
-2905
4555
4949
-2447
-6094
-196
6094
2876
-4915
-5075
2753
6353
0
-6438
-2828
5282
5184
-3074
-6602
215
6781
2759
-5655
-5276
3410
6839
-450
-7120
-2670
6035
5351
-3759
-7064
703
7456
2560
-6419
-5406
4120
7276
-975
-7786
-2430
6807
5443
-4494
-7475
1264
8110
2279
-7198
-5461
4879
7659
-1572
-8428
-2108
7591
5458
-5275
-7827
1897
8738
1916
-7986
-5436
5681
7980
-2238
-9040
-1703
8380
5393
-6096
-8117
2596
9331
1469
-8774
-5329
6520
8236
-2970
-9613
-1216
9167
5244
-6951
-8337
3360
9883
942
-9557
-5138
7389
8420
-3764
-10141
-647
9944
5009
-7833
-8483
4182
10386
333
-10326
-4860
8281
8527
-4613
-10617
0
10702
4688
-8734
-8551
5058
10833
-353
-11073
-4494
9190
8554
-5515
-11034
724
11435
4278
-9648
-8536
5983
11219
-1114
-11790
-4040
10108
8496
-6461
-11387
1522
12136
3780
-10567
-8434
6950
11537
-1948
-12471
-3498
11026
8350
-7447
-11668
2391
12795
3194
-11484
-8243
7953
11781
-2850
-13107
69
30
-186
-168
219
367
-119
-549
-116
629
444
-544
-782
267
1026
173
-1083
-695
889
1181
-440
-1500
-203
1543
923
-1252
-1564
639
1968
206
-2010
-1126
1631
1930
-861
-2429
-182
2481
1305
-2024
-2278
1103
2881
134
-2953
-1460
2429
2608
-1365
-3323
-63
3425
1593
-2843
-2918
1645
3754
-30
-3895
-1703
3265
3210
-1940
-4172
144
4362
1791
-3693
-3483
2249
4578
-277
-4824
-1858
4124
3736
-2570
-4970
427
5279
1905
-4558
-3971
2901
5347
-594
-5727
-1933
4992
4187
-3240
-5709
775
6166
1943
-5425
-4385
3585
6055
-968
-6595
-1936
5855
4565
-3935
-6386
1173
7014
1914
-6281
-4727
4288
6702
-1387
-7420
-1878
6701
4873
-4643
-7001
1610
7814
1828
-7114
-5004
4997
7284
-1838
-8195
-1766
7519
5119
-5349
-7552
2071
8562
1695
-7915
-5220
5697
7803
-2308
-8915
-1614
8300
5307
-6041
-8040
2546
9253
1525
-8674
-5382
6379
8261
-2784
-9576
-1429
9035
5444
-6710
-8467
3022
9883
1328
-9384
-5496
7031
8659
-3256
-10175
-1223
9718
5538
-7343
-8836
3487
10451
1116
-10037
-5571
7645
9000
-3713
-10711
-1006
10342
5596
-7934
-9151
3933
10956
897
-10630
-5614
8211
9289
-4145
-11184
-787
10903
5625
-8473
-9414
4348
11396
680
-11158
-5631
8722
9528
-4543
-11592
-575
11396
5632
-8955
-9631
4726
11773
473
-11617
-5629
9172
9722
-4899
-11937
-376
11820
5622
-9373
-9803
5059
12086
285
-12004
-5613
9556
9874
-5207
-12219
-199
12171
5602
-9722
-9936
5341
12336
120
-12318
-5590
9870
9988
-5461
-12438
-49
12447
5577
-9999
-10031
5566
12525
-15
-12557
-5564
10110
10065
-5657
-12597
70
12648
5550
-10202
-10092
5732
12653
-116
-12721
-5537
10274
10110
-5791
-12694
154
12773
5525
-10327
-10120
5834
12720
-182
-12807
-5513
10360
10122
-5862
-12731
200
12822
5503
-10374
-10118
5873
12731
-209
-12824
-5497
10377
10115
-5875
-12730
209
12823
5500
-10375
-10119
5869
12732
-199
-12821
-5511
10366
10129
-5854
-12737
180
12817
5531
-10352
-10144
5831
12743
-151
-12810
-5560
10332
10166
-5799
-12752
113
12802
5596
-10306
-10193
5759
12762
-66
-12791
-5642
10274
10226
-5710
-12775
9
12779
5695
-10236
-10265
5653
12789
57
-12763
-5757
10192
10309
-5587
-12805
-133
12746
5827
-10142
-10359
5513
12823
218
-12725
-5906
10085
10414
-5429
-12842
-312
12702
5992
-10022
-10474
5337
12862
416
-12676
-6087
9952
10540
-5236
-12883
-529
12646
6189
-9876
-10610
5126
12905
651
-12613
-6299
9792
10684
-5007
-12927
-783
12576
6417
-9701
-10763
4879
12949
924
-12535
-6542
9603
10846
-4741
-12971
-1074
12490
6674
-9497
-10933
4594
12993
1233
-12440
-6814
9383
11023
-4438
-13014
-1402
12385
6960
-9261
-11117
4272
13034
1580
-12325
-7113
9131
11213
-4096
-13053
-1766
12259
7273
-8992
-11312
3910
13069
1962
-12187
-7438
8845
11413
-3715
-13083
-2166
12109
7610
-8688
-11516
3509
13094
2379
-12024
-7787
8522
11620
-3294
-13102
-2601
11932
7970
-8346
-11726
3069
13107
2831
-11832
-8157
8160
11831
-2833
-13107
-3069
11725
8349
-7964
-11936
2587
13102
3315
-11608
-8545
7758
12041
-2331
-13092
-3569
11483
8745
-7541
-12145
2065
13076
3831
-11348
-8948
7313
12247
-1789
-13053
-4100
11204
9154
-7074
-12346
1502
13024
4375
-11049
-9363
6823
12443
-1206
-12987
-4658
10884
9572
-6561
-12535
899
12942
4946
-10707
-9783
6287
12624
-583
-12887
-5241
10519
9995
-6001
-12707
257
12824
5541
-10319
-10206
5703
12785
79
-12750
-5845
10106
10417
-5393
-12857
-424
12665
6154
-9880
-10626
5071
12921
778
-12569
-6467
9641
10832
-4736
-12977
-1140
12460
6784
-9388
-11036
4389
13024
1512
-12339
-7102
9121
11235
-4029
-13061
-1891
12204
7423
-8839
-11430
3657
13088
2278
-12055
-7745
8543
11619
-3272
-13104
-2672
11891
8067
-8231
-11802
2876
13107
3073
-11712
-8389
7904
11977
-2467
-13097
-3480
11517
8709
-7562
-12143
2047
13073
3892
-11305
-9027
7204
12300
-1615
-13034
-4308
11076
9342
-6830
-12447
1172
12979
4729
-10829
-9653
6440
12581
-718
-12908
-5153
10564
9958
-6034
-12703
254
12819
5579
-10280
-10257
5612
12811
220
-12711
-6006
9977
10549
-5174
-12905
-703
12585
6434
-9654
-10831
4720
12982
1194
-12438
-6861
9311
11104
-4251
-13041
-1693
12270
7285
-8948
-11365
3767
13082
2198
-12080
-7707
8565
11613
-3268
-13104
-2710
11868
8124
-8161
-11848
2755
13105
3226
-11633
-8535
7737
12067
-2228
-13084
-3746
11374
8939
-7291
-12269
1688
13040
4268
-11090
-9335
6826
12453
-1136
-12972
-4792
10782
9720
-6340
-12617
572
12879
5316
-10448
-10093
5833
12760
2
-12759
-5838
10089
10453
-5308
-12881
-585
12613
6357
-9704
-10797
4763
12977
1177
-12438
-6871
9293
11125
-4199
-13048
-1776
12235
7379
-8855
-11435
3618
13092
2380
-12001
-7878
8392
11724
-3019
-13107
-2988
11738
8368
-7902
-11990
2405
13093
3598
-11443
-8845
7387
12233
-1776
-13047
-4209
11117
9309
-6846
-12450
1133
12970
4818
-10758
-9756
6281
12639
-479
-12859
-5425
10368
10185
-5691
-12799
-187
12713
6026
-9945
-10594
5078
12927
861
-12531
-6619
9490
10980
-4443
-13022
-1542
12313
7202
-9002
-11341
3788
13083
2228
-12058
-7774
8482
11675
-3112
-13107
-2918
11764
8330
-7931
-11980
2418
13093
3607
-11433
-8870
7350
12253
-1708
-13040
-4296
11062
9389
-6738
-12492
984
12945
4979
-10652
-9886
6097
12695
-247
-12809
-5656
10202
10358
-5428
-12860
-500
12630
6323
-9714
-10802
4733
12985
1255
-12406
-6977
9188
11215
-4014
-13067
-2015
12137
7615
-8623
-11595
3272
13105
2777
-11823
-8235
8021
11938
-2509
-13097
-3539
11462
8832
-7383
-12242
1728
13041
4296
-11056
-9404
6710
12505
-932
-12935
-5047
10603
9948
-6004
-12723
122
12780
5787
-10104
-10459
5267
12895
697
-12573
-6513
9560
10935
-4500
-13018
-1523
12313
7221
-8971
-11373
3707
13089
2352
-12000
-7908
8339
11769
-2889
-13106
-3181
11633
8569
-7664
-12119
2050
13069
4005
-11213
-9201
6950
12421
-1193
-12974
-4821
10739
9799
-6197
-12672
321
12821
5624
-10213
-10360
5408
12868
561
-12608
-6410
9634
10880
-4586
-13008
-1450
12335
7175
-9004
-11354
3734
13088
2342
-12000
-7914
8326
11780
-2855
-13106
-3232
11605
8622
-7599
-12152
1953
13060
4115
-11148
-9295
6828
12469
-1033
-12949
-4986
10631
9929
-6015
-12725
98
12770
5841
-10054
-10517
5162
12918
847
-12524
-6674
9419
11057
-4274
-13045
-1797
12209
7480
-8727
-11542
3354
13103
2747
-11824
-8253
7981
11970
-2407
-13091
-3691
11371
8988
-7184
-12335
1437
13004
4623
-10850
-9679
6339
12634
-450
-12844
-5538
10262
10322
-5449
-12863
-549
12607
6429
-9608
-10910
4519
13018
1554
-12293
-7290
8891
11439
-3553
-13097
-2559
11903
8115
-8114
-11903
2557
13097
3558
-11436
-8898
7280
12298
-1536
-13016
-4544
10893
9633
-6392
-12619
496
12851
5510
-10276
-10312
5456
12863
557
-12602
-6449
9587
10931
-4476
-13024
-1615
12269
7353
-8829
-11484
3457
13101
2672
-11851
-8217
8006
11963
-2407
-13090
-3720
11348
9032
-7120
-12366
1330
12989
4752
-10763
-9792
6177
12685
-235
-12796
-5759
10098
10490
-5183
-12918
-870
12510
6733
-9354
-11118
4143
13060
1979
-12132
-7667
8537
11670
-3064
-13107
-3083
11661
8553
-7649
-12141
1953
13057
4173
-11099
-9381
6697
12524
-819
-12908
-5240
10448
10145
-5685
-12815
-331
12659
6276
-9712
-10837
4622
13008
1488
-12308
-7271
8893
11449
-3513
-13100
-2643
11857
8216
-7996
-11974
2367
13087
3785
-11307
-9102
7027
12406
-1193
-12967
-4906
10660
9920
-5993
-12739
0
12739
5995
-9918
-10662
4901
12968
1203
-12402
-7041
9087
11319
-3758
-13089
-2405
11956
8035
-8172
-11884
2574
13097
3595
-11403
-8967
7178
12349
-1359
-12990
-4763
10745
9827
-6113
-12709
122
12766
5897
-9986
-10605
4985
12956
1125
-12425
-6986
9130
11292
-3803
-13086
-2371
11968
8018
-8184
-11880
2577
13097
3605
-11395
-8984
7154
12361
-1317
-12983
-4813
10710
9871
-6048
-12728
36
12745
5985
-9917
-10670
4876
12974
1255
-12381
-7106
9022
11371
-3648
-13095
-2543
11893
8166
-8032
-11963
2374
13086
3815
-11282
-9151
6953
12440
-1068
-12945
-5057
10553
10051
-5796
-12794
-259
12671
6256
-9710
-10853
4572
13017
1592
-12263
-7399
8759
11547
-3290
-13106
-2918
11724
8472
-7710
-12124
1965
13056
4222
-11055
-9461
6571
12575
-610
-12864
-5489
10262
10354
-5352
-12892
-761
12531
6705
-9351
-11140
4067
13069
2134
-12057
-7854
8330
11807
-2727
-13101
-3491
11444
8924
-7208
-12345
1347
12985
4818
-10697
-9898
5996
12746
57
-12718
-6099
9821
10765
-4707
-13001
-1471
12302
7317
-8825
-11511
3354
13105
2876
-11738
-8456
7717
12125
-1952
-13053
-4256
11029
9501
-6510
-12598
517
12844
5593
-10183
-10438
5216
12920
933
-12476
-6871
9206
11253
-3849
-13085
-2381
11952
8072
-8108
-11933
2425
13088
3808
-11274
-9178
6901
12466
-962
-12925
-5196
10448
10176
-5599
-12844
-523
12595
6527
-9483
-11048
4216
13058
2010
-12099
-7780
8389
11781
-2769
-13102
-3481
11442
8939
-7176
-12363
1277
12973
4914
-10627
-9986
5861
12784
242
-12668
-6290
9665
10905
-4458
-13034
-1767
12190
7589
-8565
-11680
2985
13106
3276
-11541
-8791
7340
12299
-1462
-12997
-4750
10727
9878
-6005
-12748
-90
12705
6165
-9757
-10831
4577
13020
1651
-12231
-7501
8642
11636
-3075
-13107
-3197
11577
8737
-7396
-12277
1519
13004
4706
-10751
-9853
6034
12742
68
-12709
-6154
9762
10830
-4574
-13021
-1663
12224
7520
-8621
-11651
3038
13107
3243
-11552
-8780
7344
12300
-1447
-12994
-4783
10701
9914
-5947
-12766
-175
12682
6258
-9680
-10901
4450
13036
1804
-12170
-7644
8502
11724
-2876
-13104
-3414
11465
8918
-7184
-12367
1246
12965
4979
-10574
-10057
5744
12816
412
-12618
-6473
9508
11042
-4203
-13061
-2073
12065
7871
-8282
-11852
2586
13094
3709
-11311
-9147
6913
12471
-916
-12912
-5293
10366
10279
-5422
-12887
-778
12513
6798
-9242
-11245
3831
13088
2468
-11901
-8196
7956
12025
-2167
-13068
-4125
11082
9461
-6526
-12604
456
12824
5720
-10068
-10570
4976
12968
1272
-12355
-7225
8873
11501
-3330
-13106
-2987
11666
8610
-7515
-12234
1617
13013
4658
-10767
-9850
6017
12752
134
-12687
-6254
9670
10920
-4402
-13043
-1892
12130
7746
-8392
-11796
2698
13098
3625
-11348
-9104
6953
12461
-936
-12913
-5300
10353
10301
-5378
-12898
-853
12486
6886
-9159
-11311
3693
13096
2635
-11822
-8349
7786
12113
-1931
-13046
-4377
10930
9662
-6258
-12688
122
12747
6043
-9824
-10795
4602
13022
1698
-12200
-7601
8522
11725
-2847
-13103
-3495
11411
9019
-7045
-12429
1028
12927
5231
-10394
-10265
5422
12891
821
-12493
-6873
9164
11312
-3683
-13097
-2663
11806
8384
-7743
-12137
1860
13039
4460
-10876
-9733
6157
12718
10
-12714
-6175
9719
10889
-4438
-13041
-1888
12125
7771
-8355
-11824
2617
13094
3737
-11281
-9212
6809
12517
-733
-12873
-5517
10195
10467
-5113
-12949
-1176
12378
7188
-8887
-11504
3298
13107
3069
-11616
-8713
7382
12300
-1405
-12982
-4905
10598
10057
-5710
-12832
-529
12575
6643
-9345
-11187
3904
13086
2460
-11889
-8243
7879
12076
-2004
-13051
-4346
10937
9668
-6232
-12701
50
12725
6144
-9734
-10883
4436
13043
1914
-12110
-7811
8306
11857
-2532
-13090
-3844
11217
9309
-6682
-12564
560
12837
5695
-10062
-10599
4896
12985
1434
-12286
-7423
8667
11649
-2988
-13105
-3403
11446
8985
-7064
-12430
1000
12918
5302
-10332
-10342
5285
12921
1020
-12424
-7083
8967
11459
-3373
-13106
-3025
11629
8703
-7380
-12306
1371
12975
4966
-10550
-10119
5607
12858
674
-12529
-6795
9208
11295
-3689
-13098
-2712
11772
8466
-7634
-12197
1671
13014
4692
-10720
-9934
5863
12801
397
-12606
-6563
9396
11159
-3937
-13085
-2465
11879
8278
-7828
-12109
1903
13040
4480
-10847
-9789
6055
12753
189
-12661
-6388
9532
11057
-4118
-13073
-2285
11954
8141
-7966
-12043
2065
13055
4332
-10932
-9689
6184
12720
50
-12695
-6273
9620
10989
-4232
-13064
-2174
11998
8057
-8047
-12004
2159
13063
4248
-10979
-9634
6252
12702
-20
-12711
-6218
9660
10959
-4281
-13060
-2130
12015
8028
-8073
-11992
2185
13065
4231
-10987
-9627
6259
12701
-20
-12711
-6224
9653
10967
-4264
-13062
-2154
12003
8053
-8045
-12008
2143
13061
4278
-10958
-9666
6205
12717
48
-12693
-6291
9599
11012
-4182
-13069
-2247
11964
8133
-7962
-12051
2032
13051
4391
-10890
-9751
6090
12748
186
-12657
-6417
9497
11094
-4034
-13080
-2407
11895
8266
-7823
-12119
1853
13032
4568
-10781
-9880
5913
12794
393
-12601
-6603
9346
11210
-3820
-13093
-2635
11794
8450
-7627
-12211
1604
13003
4809
-10631
-10052
5672
12850
668
-12521
-6846
9142
11358
-3537
-13103
-2930
11657
8684
-7370
-12323
1287
12958
5111
-10434
-10264
5365
12913
1013
-12413
-7144
8884
11533
-3186
-13107
-3290
11481
8963
-7052
-12448
899
12893
5473
-10187
-10510
4992
12977
1425
-12273
-7494
8567
11730
-2765
-13098
-3713
11261
9284
-6668
-12583
442
12802
5893
-9886
-10785
4548
13036
1904
-12093
-7891
8187
11944
-2273
-13069
-4198
10990
9641
-6216
-12720
-85
12678
6365
-9524
-11083
4033
13082
2449
-11868
-8330
7740
12166
-1709
-13013
-4742
10663
10028
-5691
-12850
-680
12512
6885
-9097
-11397
3444
13106
3057
-11589
-8806
7220
12389
-1073
-12921
-5339
10271
10437
-5091
-12964
-1344
12297
7448
-8599
-11717
2781
13098
3724
-11249
-9310
6625
12601
-365
-12782
-5985
9809
10858
-4414
-13051
-2072
12022
8046
-8023
-12034
2041
13048
4446
-10838
-9834
5948
12792
413
-12587
-6672
9268
11282
-3656
-13101
-2861
11678
8671
-7363
-12334
1226
12944
5216
-10348
-10367
5188
12949
1258
-12323
-7393
8642
11696
-2818
-13099
-3705
11254
9310
-6616
-12606
337
12774
6027
-9771
-10896
4342
13059
2166
-11979
-8137
7924
12086
-1899
-13033
-4598
10740
9953
-5777
-12834
-623
12523
6869
-9097
-11407
3407
13106
3131
-11544
-8891
7108
12438
-901
-12887
-5531
10127
10585
-4843
-13003
-1648
12180
7729
-8321
-11884
2386
13076
4144
-11006
-9641
6190
12733
171
-12648
-6490
9405
11189
-3814
-13095
-2731
11730
8594
-7435
-12310
1281
12951
5194
-10354
-10371
5168
12955
1311
-12299
-7462
8567
11747
-2690
-13093
-3860
11162
9445
-6436
-12665
98
12714
6266
-9578
-11060
4042
13083
2508
-11827
-8430
7606
12239
-1477
-12979
-5023
10463
10264
-5322
-12929
-1156
12350
7344
-8671
-11688
2814
13098
3751
-11218
-9374
6520
12642
-182
-12733
-6202
9623
11027
-4094
-13080
-2466
11843
8406
-7627
-12232
1490
12980
5022
-10460
-10270
5306
12933
1184
-12339
-7377
8636
11712
-2757
-13096
-3818
11179
9431
-6443
-12666
82
12708
6300
-9543
-11094
3970
13088
2605
-11779
-8523
7497
12290
-1320
-12954
-5190
10345
10390
-5122
-12965
-1395
12263
7561
-8461
-11816
2520
13083
4060
-11041
-9614
6205
12735
201
-12634
-6558
9334
11254
-3671
-13102
-2923
11630
8777
-7213
-12407
967
12894
5525
-10112
-10617
4766
13017
1789
-12116
-7891
8141
11992
-2100
-13050
-4474
10795
9914
-5800
-12836
-669
12499
6969
-8987
-11498
3191
13107
3417
-11384
-9157
6767
12569
-428
-12785
-6019
9749
10937
-4232
-13072
-2362
11880
8356
-7663
-12223
1496
12978
5054
-10427
-10317
5219
12951
1319
-12285
-7522
8488
11807
-2526
-13083
-4081
11021
9648
-6148
-12753
-295
12605
6663
-9238
-11330
3513
13106
3110
-11534
-8939
7015
12485
-704
-12841
-5788
9915
10801
-4454
-13053
-2147
11967
8200
-7820
-12155
1671
13000
4905
-10518
-10227
5344
12931
1200
-12324
-7437
8560
11769
-2602
-13087
-4023
11050
9617
-6181
-12747
-274
12608
6659
-9235
-11337
3493
13106
3146
-11512
-8978
6963
12506
-626
-12824
-5873
9847
10864
-4341
-13064
-2281
11907
8318
-7690
-12217
1496
12975
5084
-10397
-10357
5144
12966
1434
-12239
-7642
8362
11885
-2331
-13068
-4300
10886
9824
-5899
-12819
-607
12510
6958
-8978
-11516
3131
13106
3524
-11316
-9271
6607
12627
-194
-12725
-6270
9540
11117
-3891
-13094
-2762
11691
8703
-7268
-12397
967
12888
5585
-10049
-10693
4612
13038
2017
-12013
-8126
7880
12133
-1709
-13003
-4905
10507
10250
-5292
-12943
-1293
12285
7544
-8446
-11843
2418
13073
4236
-10917
-9794
5931
12813
592
-12511
-6963
8966
11529
-3094
-13105
-3581
11281
9327
-6529
-12654
82
12695
6387
-9441
-11198
3734
13101
2943
-11601
-8856
7086
12469
-729
-12840
-5818
9874
10853
-4339
-13066
-2325
11880
8384
-7603
-12263
1347
12950
5260
-10266
-10499
4908
13004
1728
-12121
-7915
8081
12040
-1934
-13028
-4717
10619
10140
-5442
-12918
-1156
12328
7452
-8522
-11805
2491
13078
4190
-10937
-9779
5940
12814
608
-12503
-6999
8926
11561
-3016
-13103
-3683
11220
9419
-6404
-12694
-88
12649
6557
-9295
-11311
3509
13106
3195
-11471
-9065
6833
12561
-406
-12769
-6129
9632
11059
-3971
-13091
-2731
11694
8717
-7230
-12419
871
12865
5718
-9937
-10807
4402
13062
2289
-11889
-8380
7595
12272
-1307
-12941
-5324
10213
10559
-4801
-13019
-1873
12059
8055
-7930
-12120
1715
13000
4951
-10461
-10316
5170
12968
1481
-12208
-7744
8235
11968
-2094
-13043
-4598
10683
10081
-5510
-12909
-1116
12336
7448
-8512
-11818
2444
13073
4268
-10881
-9856
5820
12845
778
-12446
-7170
8762
11672
-2766
-13093
-3961
11057
9643
-6101
-12779
-466
12539
6911
-8986
-11531
3059
13103
3678
-11212
-9444
6356
12712
182
-12618
-6672
9186
11398
-3323
-13107
-3420
11347
9259
-6583
-12646
75
12685
6454
-9363
-11273
3560
13106
3188
-11465
-9090
6784
12584
-304
-12740
-6258
9517
11160
-3768
-13101
-2981
11565
8939
-6959
-12525
505
12785
6084
-9650
-11058
3950
13094
2800
-11650
-8806
7110
12472
-679
-12822
-5934
9762
10968
-4105
-13085
-2645
11721
8692
-7236
-12426
825
12851
5807
-9854
-10893
4232
13077
2518
-11777
-8598
7339
12387
-943
-12874
-5704
9928
10831
-4334
-13070
-2417
11821
8523
-7418
-12356
1034
12890
5626
-9983
-10785
4409
13064
2343
-11852
-8470
7474
12333
-1098
-12901
-5573
10019
10754
-4458
-13059
-2296
11872
8437
-7507
-12320
1133
12907
5544
-10038
-10739
4481
13057
2277
-11879
-8425
7518
12317
-1142
-12908
-5541
10039
10739
-4478
-13058
-2284
11875
8435
-7506
-12323
1123
12904
5562
-10022
-10755
4449
13061
2319
-11859
-8465
7471
12338
-1076
-12895
-5609
9988
10787
-4394
-13066
-2381
11831
8516
-7414
-12362
1002
12882
5680
-9935
-10834
4314
13072
2470
-11791
-8588
7334
12394
-901
-12862
-5776
9863
10896
-4206
-13080
-2585
11738
8681
-7230
-12435
771
12836
5896
-9773
-10973
4073
13089
2728
-11671
-8793
7102
12483
-614
-12803
-6040
9663
11063
-3912
-13097
-2897
11590
8924
-6950
-12538
430
12761
6207
-9533
-11166
3724
13103
3092
-11494
-9073
6773
12597
-218
-12711
-6397
9381
11280
-3509
-13107
-3314
11382
9239
-6571
-12661
-22
12649
6609
-9207
-11405
3267
13106
3561
-11251
-9422
6342
12727
289
-12576
-6843
9010
11539
-2996
-13100
-3833
11102
9620
-6087
-12794
-584
12489
7097
-8788
-11680
2697
13086
4129
-10932
-9832
5803
12859
906
-12387
-7369
8541
11826
-2369
-13063
-4449
10741
10055
-5491
-12922
-1255
12267
7660
-8267
-11977
2013
13028
4792
-10525
-10289
5151
12980
1630
-12128
-7967
7965
12129
-1627
-12979
-5156
10284
10531
-4780
-13030
-2032
11968
8288
-7634
-12280
1213
12914
5541
-10016
-10779
4378
13069
2458
-11783
-8623
7272
12427
-770
-12830
-5944
9720
11031
-3946
-13096
-2909
11574
8967
-6879
-12569
298
12725
6365
-9392
-11283
3483
13107
3382
-11335
-9320
6453
12701
201
-12595
-6801
9032
11533
-2988
-13099
-3878
11067
9678
-5993
-12820
-728
12439
7249
-8637
-11778
2461
13069
4393
-10765
-10039
5499
12924
1281
-12252
-7709
8207
12015
-1903
-13013
-4927
10428
10399
-4969
-13008
-1859
12032
8175
-7740
-12239
1313
12929
5476
-10053
-10755
4404
13068
2460
-11776
-8646
7234
12447
-694
-12811
-6038
9638
11103
-3803
-13102
-3083
11481
9118
-6688
-12634
45
12658
6610
-9182
-11439
3167
13104
3725
-11145
-9587
6101
12797
631
-12465
-7189
8682
11758
-2495
-13071
-4384
10763
10049
-5474
-12930
-1333
12229
7771
-8137
-12055
1789
12997
5055
-10335
-10499
4805
13030
2058
-11945
-8351
7546
12327
-1051
-12880
-5737
9857
10931
-4096
-13090
-2804
11612
8925
-6907
-12567
281
12715
6423
-9328
-11342
3346
13107
3567
-11225
-9488
6220
12769
517
-12497
-7111
8745
11725
-2557
-13074
-4343
10782
10034
-5485
-12930
-1341
12222
7794
-8107
-12074
1731
12988
5128
-10280
-10558
4703
13042
2186
-11887
-8466
7414
12383
-871
-12844
-5916
9717
11052
-3875
-13100
-3049
11488
9122
-6665
-12646
-21
12635
6702
-9091
-11510
3003
13098
3925
-11022
-9755
5862
12856
940
-12359
-7480
8401
11925
-2090
-13031
-4807
10487
10358
-5004
-13007
-1882
12010
8241
-7646
-12290
1138
12893
5690
-9879
-10923
4094
13091
2841
-11586
-8980
6828
12597
-153
-12678
-6566
9199
11441
-3134
-13103
-3811
11082
9686
-5947
-12839
-861
12383
7427
-8444
-11905
2130
13035
4784
-10497
-10353
5005
13008
1897
-12001
-8265
7616
12306
-1085
-12882
-5753
9828
10970
-4005
-13096
-2947
11531
9070
-6715
-12635
5
12638
6707
-9076
-11528
2952
13096
4005
-10968
-9832
5744
12884
1102
-12298
-7638
8239
12017
-1852
-13001
-5060
10311
10541
-4707
-13044
-2229
11859
8535
-7320
-12428
710
12805
6102
-9560
-11187
3608
13107
3365
-11316
-9387
6321
12750
465
-12503
-7120
8713
11758
-2454
-13064
-4501
10668
10181
-5246
-12975
-1663
12089
8102
-7774
-12242
1252
12909
5625
-9913
-10906
4102
13092
2875
-11560
-9035
6744
12630
-13
-12636
-6724
9052
11549
-2894
-13093
-4087
10913
9906
-5630
-12909
-1255
12240
7784
-8088
-12098
1633
12969
5287
-10149
-10702
4438
13070
2538
-11716
-8791
7023
12540
-329
-12715
-6460
9266
11407
-3175
-13103
-3822
11062
9730
-5865
-12862
-1006
12325
7590
-8270
-12009
1853
12999
5093
-10277
-10585
4620
13055
2358
-11794
-8662
7163
12492
-484
-12751
-6334
9364
11341
-3299
-13105
-3710
11121
9659
-5954
-12844
-918
12353
7527
-8326
-11982
1914
13006
5047
-10305
-10562
4651
13052
2336
-11801
-8654
7168
12492
-479
-12748
-6348
9348
11355
-3267
-13105
-3753
11094
9696
-5899
-12857
-990
12327
7595
-8257
-12020
1815
12992
5149
-10232
-10634
4531
13064
2473
-11738
-8766
7037
12540
-312
-12707
-6503
9219
11448
-3078
-13099
-3950
10980
9841
-5700
-12899
-1222
12244
7793
-8061
-12120
1556
12955
5399
-10056
-10797
4259
13084
2767
-11599
-8995
6768
12630
16
-12621
-6795
8971
11615
-2731
-13082
-4298
10773
10086
-5352
-12963
-1614
12095
8115
-7733
-12272
1136
12883
5790
-9769
-11043
3831
13103
3215
-11374
-9333
6354
12751
504
-12479
-7218
8596
11843
-2224
-13039
-4793
10460
10422
-4851
-13033
-2164
11868
8552
-7264
-12463
554
12761
6317
-9359
-11357
3243
13104
3815
-11049
-9766
5788
12884
1153
-12263
-7760
8082
12115
-1553
-12952
-5427
10027
10831
-4189
-13089
-2867
11544
9090
-6642
-12672
-190
12569
6969
-8811
-11720
2490
13063
4557
-10605
-10278
5060
13008
1958
-11951
-8407
7414
12408
-718
-12796
-6189
9455
11292
-3359
-13106
-3716
11099
9709
-5856
-12872
-1095
12281
7727
-8107
-12106
1568
12953
5430
-10019
-10843
4161
13091
2913
-11517
-9137
6579
12693
282
-12540
-7060
8724
11776
-2357
-13051
-4700
10509
10383
-4894
-13030
-2153
11865
8570
-7229
-12481
477
12739
6415
-9268
-11430
3083
13098
4006
-10931
-9922
5560
12931
1440
-12152
-8018
7811
12247
-1179
-12886
-5799
9746
11076
-3746
-13106
-3352
11290
9468
-6160
-12806
-778
12384
7488
-8326
-12000
1823
12988
5216
-10161
-10724
4347
13081
2744
-11593
-9030
6697
12661
169
-12569
-6986
8781
11748
-2408
-13054
-4673
10519
10380
-4887
-13032
-2184
11846
8613
-7172
-12505
385
12714
6517
-9177
-11498
2934
13091
4174
-10825
-10052
5367
12966
1675
-12056
-8223
7589
12346
-883
-12825
-6085
9519
11257
-3402
-13106
-3720
11084
9744
-5788
-12890
-1219
12228
7866
-7951
-12189
1324
12909
5695
-9812
-11031
3812
13105
3315
-11301
-9463
6154
12810
816
-12366
-7544
8261
12040
-1709
-12970
-5350
10058
10824
-4166
-13092
-2961
11480
9211
-6465
-12731
-468
12477
7262
-8522
-11903
2038
13013
5050
-10262
-10641
4465
13074
2659
-11625
-8993
6724
12658
174
-12562
-7022
8735
11783
-2311
-13043
-4800
10426
10485
-4709
-13053
-2409
11739
8811
-6933
-12593
64
12627
6825
-8904
-11683
2529
13063
4599
-10553
-10358
4900
13033
2213
-11824
-8668
7093
12540
-246
-12674
-6674
9030
11605
-2692
-13075
-4449
10645
10264
-5039
-13016
-2072
11884
8565
-7205
-12501
373
12705
6570
-9115
-11552
2801
13082
4351
-10704
-10202
5126
13005
1985
-11920
-8503
7270
12479
-445
-12722
-6513
9159
11524
-2855
-13086
-4304
10731
10176
-5162
-13001
-1952
11932
8483
-7289
-12472
462
12725
6505
-9164
-11522
2855
13085
4310
-10725
-10184
5148
13003
1974
-11921
-8505
7262
12483
-423
-12715
-6544
9129
11547
-2802
-13082
-4368
10688
10226
-5082
-13012
-2051
11887
8569
-7189
-12511
329
12691
6631
-9054
-11597
2694
13074
4478
-10618
-10303
4965
13027
2183
-11829
-8674
7069
12554
-180
-12652
-6765
8939
11672
-2531
-13061
-4640
10514
10413
-4796
-13046
-2368
11745
8819
-6901
-12610
-25
12596
6945
-8781
-11769
2314
13041
4852
-10374
-10553
4574
13067
2608
-11634
-9003
6685
12678
285
-12521
-7170
8578
11887
-2041
-13009
-5114
10197
10722
-4299
-13087
-2900
11491
9223
-6417
-12753
-601
12423
7437
-8330
-12022
1713
12964
5423
-9979
-10917
3969
13102
3245
-11315
-9476
6097
12833
971
-12298
-7745
8032
12169
-1328
-12901
-5779
9717
11133
-3582
-13107
-3641
11101
9759
-5722
-12913
-1395
12143
8090
-7683
-12326
888
12815
6179
-9408
-11367
3139
13098
4085
-10845
-10067
5291
12986
1873
-11952
-8468
7280
12485
-390
-12700
-6619
9047
11613
-2637
-13068
-4577
10542
10397
-4802
-13048
-2403
11721
8875
-6819
-12641
-163
12551
7096
-8632
-11864
2077
13012
5112
-10187
-10741
4252
13091
2983
-11442
-9307
6298
12788
771
-12362
-7605
8157
12115
-1458
-12921
-5687
9776
11094
-3641
-13107
-3609
11111
9755
-5714
-12917
-1433
12124
8141
-7619
-12357
781
12789
6298
-9303
-11447
2967
13089
4280
-10720
-10215
5064
13019
2145
-11831
-8697
7014
12582
-45
-12607
-6938
8763
11793
-2230
-13028
-4989
10264
10676
-4347
-13086
-2905
11476
9266
-6340
-12780
-745
12367
7601
-8152
-12121
1431
12915
5731
-9736
-11131
3563
13107
3708
-11050
-9838
5592
12940
1588
-12059
-8279
7465
12422
-571
-12739
-6500
9131
11568
-2709
-13072
-4548
10547
10404
-4770
-13053
-2478
11676
8963
-6698
-12683
-347
12491
7285
-8443
-11976
1789
12970
5418
-9960
-10952
3873
13105
3410
-11209
-9641
5850
12893
1318
-12160
-8079
7668
12343
-805
-12790
-6308
9282
11471
-2902
-13085
-4377
10650
10302
-4919
-13038
-2336
11738
8868
-6803
-12654
-239
12521
7208
-8508
-11945
1859
12979
5368
-9991
-10930
3904
13104
3393
-11215
-9639
5846
12895
1337
-12150
-8106
7634
12359
-748
-12776
-6371
9226
11512
-2810
-13077
-4479
10578
10373
-4793
-13040
-2477
11653
8971
-6645
-12669
-422
12424
7348
-8317
-11978
1631
12875
5548
-9766
-10987
3628
12995
3623
-10956
-9727
5515
12787
1625
-11859
-8235
7245
12260
-393
-12455
-6554
8773
11433
-2376
-12732
-4731
10062
10333
-4273
-12690
-2817
11084
8993
-6036
-12335
-864
11816
7454
-7621
-11682
1078
12245
5758
-8990
-10755
2957
12367
3955
-10114
-9584
4726
12185
2093
-10968
-8206
6343
11711
221
-11537
-6660
7768
10966
-1611
-11814
-4991
8971
9975
-3359
-11801
-3246
9928
8772
-4978
-11505
-1472
10620
7393
-6433
-10943
286
11039
5880
-7690
-10138
1982
11182
4275
-8724
-9119
3576
11056
2622
-9518
-7920
5029
10673
967
-10058
-6577
6312
10054
-650
-10341
-5131
7397
9222
-2188
-10371
-3622
8264
8208
-3611
-10156
-2092
8901
7046
-4888
-9714
-581
9302
5771
-5993
-9065
873
9467
4423
-6905
-8236
2236
9403
3039
-7610
-7257
3477
9123
1656
-8100
-6162
4570
8646
310
-8374
-4984
5494
7994
-965
-8437
-3759
6235
7195
-2140
-8299
-2522
6784
6277
-3190
-7975
-1306
7138
5273
-4095
-7486
-142
7299
4215
-4839
-6854
941
7276
3134
-5414
-6107
1920
7080
2062
-5814
-5272
2775
6731
1028
-6041
-4380
3490
6248
58
-6100
-3459
4057
5655
-825
-6004
-2538
4469
4977
-1603
-5766
-1644
4726
4242
-2259
-5406
-802
4835
3476
-2786
-4944
-33
4803
2705
-3176
-4403
644
4644
1955
-3430
-3808
1217
4375
1249
-3552
-3183
1676
4014
605
-3549
-2553
2014
3583
41
-3433
-1941
2232
3104
-429
-3220
-1368
2332
2599
-798
-2926
-851
2322
2091
-1059
-2571
-408
2213
1602
-1212
-2176
-50
2018
1150
-1260
-1762
214
1753
754
-1210
-1350
380
1438
428
-1071
-959
447
1091
184
-857
-610
417
732
29
-584
-317
298
382
-33
-270
-95
99
60
-11486
2850
12994
4396
-10463
-10184
4729
12745
2391
-11328
-8673
6427
12188
394
-11884
-6999
7909
11348
-1544
-12126
-5209
9144
10255
-3376
-12059
-3352
10108
8947
-5060
-11694
-1478
10786
7464
-6557
-11053
364
11172
5849
-7836
-10160
2129
11266
4150
-8872
-9049
3774
11076
2411
-9648
-7754
5262
10617
680
-10154
-6317
6561
9912
-999
-10386
-4780
7644
8988
-2586
-10350
-3186
8492
7877
-4043
-10056
-1579
9092
6617
-5338
-9524
0
9440
5244
-6443
-8776
1510
9536
3800
-7339
-7841
2916
9389
2325
-8010
-6752
4185
9013
859
-8449
-5543
5290
8427
-560
-8656
-4252
6210
7657
-1897
-8634
-2916
6928
6732
-3120
-8395
-1572
7435
5683
-4203
-7956
-257
7729
4543
-5124
-7338
997
7811
3348
-5866
-6566
2158
7690
2133
-6419
-5670
3200
7379
931
-6776
-4679
4101
6898
-226
-6940
-3625
4845
6268
-1310
-6916
-2541
5420
5514
-2294
-6715
-1458
5820
4665
-3157
-6353
-406
6043
3749
-3883
-5850
588
6094
2797
-4459
-5227
1499
5983
1836
-4878
-4511
2308
5722
895
-5139
-3727
2997
5328
0
-5244
-2903
3554
4823
-827
-5202
-2065
3972
4228
-1566
-5022
-1239
4250
3567
-2202
-4721
-448
4387
2865
-2722
-4316
285
4392
2147
-3120
-3829
944
4273
1436
-3393
-3280
1512
4045
753
-3543
-2692
1979
3724
119
-3573
-2087
2339
3328
-449
-3495
-1488
2589
2877
-939
-3320
-914
2730
2392
-1339
-3064
-383
2767
1894
-1645
-2742
89
2708
1401
-1854
-2375
491
2566
933
-1968
-1979
814
2355
505
-1991
-1576
1052
2089
132
-1932
-1181
1205
1787
-177
-1803
-813
1274
1467
-413
-1616
-486
1265
1145
-573
-1387
-212
1186
838
-655
-1133
0
1049
562
-665
-870
144
867
330
-606
-614
216
655
152
-489
-382
218
429
37
-325
-187
154
206
-11
-128
-42
31
