257
-16
-770
97
1276
-241
-1769
449
2242
-717
-2689
1045
3105
-1428
-3485
1865
3823
-2350
-4113
2881
4353
-3453
-4536
4061
4660
-4699
-4721
5362
4716
-6044
-4643
6740
4500
-7442
-4285
8146
3998
-8843
-3637
9527
3205
-10193
-2700
10832
2125
-11440
-1482
12009
772
-12534
0
13007
-832
-13425
1719
13780
-2658
-14069
3642
14286
-4668
-14427
5728
14488
-6817
-14466
7929
14357
-9056
-14161
10192
13874
-11330
-13495
12462
13024
-13581
-12460
14680
11805
-15750
-11059
16785
10223
-17777
-9301
18719
8295
-19604
-7209
20425
6046
-21175
-4811
21849
3509
-22440
-2146
22942
728
-23352
739
23663
-2248
-23873
3791
23976
-5362
-23972
6952
23856
-8553
-23627
10156
23284
-11755
-22827
13339
22255
-14901
-21569
16432
20770
-17923
-19861
19366
18844
-20753
-17723
22076
16501
-23328
-15183
24500
13773
-25585
-12279
26577
10705
-27470
-9058
28258
7346
-28935
-5576
29497
3756
-29940
-1895
30259
0
-30452
1919
30517
-3853
-30451
5793
30255
-7730
-29927
9655
29468
-11557
-28879
13428
28162
-15259
-27319
17040
26353
-18763
-25268
20419
24069
-22000
-22760
23498
21347
-24906
-19836
26215
18235
-27421
-16549
28516
14787
-29495
-12956
30353
11066
-31086
-9124
31691
7140
-32163
-5124
32501
3083
-32702
-1029
32767
-1029
-32703
3084
32510
-5126
-32188
7148
31739
-9142
-31164
11100
30467
-13014
-29649
14876
28715
-16680
-27667
18418
26510
-20084
-25248
21670
23887
-23170
-22431
24580
20887
-25892
-19261
27102
17558
-28205
-15786
29197
13952
-30073
-12063
30831
10126
-31467
-8149
31979
6140
-32365
-4107
32623
2058
-32752
0
32752
-2058
-32623
4107
32365
-6140
-31979
8149
31467
-10126
-30831
12063
30073
-13952
-29197
15786
28205
-17558
-27102
19261
25892
-20887
-24580
22431
23170
-23887
-21670
25248
20084
-26510
-18418
27667
16680
-28715
-14876
29649
13014
-30467
-11100
31164
9142
-31739
-7148
32188
5126
-32510
-3084
32703
1029
-32768
1029
32703
-3084
-32510
5126
32188
-7148
-31739
9142
31164
-11100
-30467
13014
29649
-14876
-28715
16680
27667
-18418
-26510
20084
25248
-21670
-23887
23170
22431
-24580
-20887
25892
19261
-27102
-17558
28205
15786
-29197
-13952
30073
12063
-30831
-10126
31467
8149
-31979
-6140
32365
4107
-32623
-2058
32752
0
-32752
2058
32623
-4107
-32365
6140
31979
-8149
-31467
10126
30831
-12063
-30073
13952
29197
-15786
-28205
17558
27102
-19261
-25892
20887
24580
-22431
-23170
23887
21670
-25248
-20084
26510
18418
-27667
-16680
28715
14876
-29649
-13014
30467
11100
-31164
-9142
31739
7148
-32188
-5126
32510
3084
-32703
-1029
32767
-1029
-32703
3084
32510
-5126
-32188
7148
31739
-9142
-31164
11100
30467
-13014
-29649
14876
28715
-16680
-27667
18418
26510
-20084
-25248
21670
23887
-23170
-22431
24580
20887
-25892
-19261
27102
17558
-28205
-15786
29197
13952
-30073
-12063
30831
10126
-31467
-8149
31979
6140
-32365
-4107
32623
2058
-32752
0
32752
-2058
-32623
4107
32365
-6140
-31979
8149
31467
-10126
-30831
12063
30073
-13952
-29197
15786
28205
-17558
-27102
19261
25892
-20887
-24580
22431
23170
-23887
-21670
25248
20084
-26510
-18418
27667
16680
-28715
-14876
29649
13014
-30467
-11100
31164
9142
-31739
-7148
32188
5126
-32510
-3084
32703
1029
-32768
1029
32703
-3084
-32510
5126
32188
-7148
-31739
9142
31164
-11100
-30467
13014
29649
-14876
-28715
16680
27667
-18418
-26510
20084
25248
-21670
-23887
23170
22431
-24580
-20887
25892
19261
-27102
-17558
28205
15786
-29197
-13952
30073
12063
-30831
-10126
31467
8149
-31979
-6140
32365
4107
-32623
-2058
32752
0
-32752
2058
32623
-4107
-32365
6140
31979
-8149
-31467
10126
30831
-12063
-30073
13952
29197
-15786
-28205
17558
27102
-19261
-25892
20887
24580
-22431
-23170
23887
21670
-25248
-20084
26510
18418
-27667
-16680
28715
14876
-29649
-13014
30467
11100
-31164
-9142
31739
7148
-32188
-5126
32510
3084
-32703
-1029
32767
-1029
-32703
3084
32510
-5126
-32188
7148
31739
-9142
-31164
11100
30467
-13014
-29649
14876
28715
-16680
-27667
18418
26510
-20084
-25248
21670
23887
-23170
-22431
24580
20887
-25892
-19261
27102
17558
-28205
-15786
29197
13952
-30073
-12063
30831
10126
-31467
-8149
31979
6140
-32365
-4107
32623
2058
-32752
0
32752
-2058
-32623
4107
32365
-6140
-31979
8149
31467
-10126
-30831
12063
30073
-13952
-29197
15786
28205
-17558
-27102
19261
25892
-20887
-24580
22431
23170
-23887
-21670
25248
20084
-26510
-18418
27667
16680
-28715
-14876
29649
13014
-30467
-11100
31164
9142
-31739
-7148
32188
5126
-32510
-3084
32703
1029
-32768
1029
32703
-3084
-32510
5126
32188
-7148
-31739
9142
31164
-11100
-30467
13014
29649
-14876
-28715
16680
27667
-18418
-26510
20084
25248
-21670
-23887
23170
22431
-24580
-20887
25892
19261
-27102
-17558
28205
15786
-29197
-13952
30073
12063
-30831
-10126
31467
8149
-31979
-6140
32365
4107
-32623
-2058
32752
0
-32752
2058
32623
-4107
-32365
6140
31979
-8149
-31467
10126
30831
-12063
-30073
13952
29197
-15786
-28205
17558
27102
-19261
-25892
20887
24580
-22431
-23170
23887
21670
-25248
-20084
26510
18418
-27667
-16680
28715
14876
-29649
-13014
30467
11100
-31164
-9142
31739
7148
-32188
-5126
32510
3084
-32703
-1029
32767
-1029
-32703
3084
32510
-5126
-32188
7148
31739
-9142
-31164
11100
30467
-13014
-29649
14876
28715
-16680
-27667
18418
26510
-20084
-25248
21670
23887
-23170
-22431
24580
20887
-25892
-19261
27102
17558
-28205
-15786
29197
13952
-30073
-12063
30831
10126
-31467
-8149
31979
6140
-32365
-4107
32623
2058
-32752
0
32752
-2058
-32623
4107
32365
-6140
-31979
8149
31467
-10126
-30831
12063
30073
-13952
-29197
15786
28205
-17558
-27102
19261
25892
-20887
-24580
22431
23170
-23887
-21670
25248
20084
-26510
-18418
27667
16680
-28715
-14876
29649
13014
-30467
-11100
31164
9142
-31739
-7148
32188
5126
-32510
-3084
32703
1029
-32768
1029
32703
-3084
-32510
5126
32188
-7148
-31739
9142
31164
-11100
-30467
13014
29649
-14876
-28715
16680
27667
-18418
-26510
20084
25248
-21670
-23887
23170
22431
-24580
-20887
25892
19261
-27102
-17558
28205
15786
-29197
-13952
30073
12063
-30831
-10126
31467
8149
-31979
-6140
32365
4107
-32623
-2058
32752
0
-32752
2058
32623
-4107
-32365
6140
31979
-8149
-31467
10126
30831
-12063
-30073
13952
29197
-15786
-28205
17558
27102
-19261
-25892
20887
24580
-22431
-23170
23887
21670
-25248
-20084
26510
18418
-27667
-16680
28715
14876
-29649
-13014
30467
11100
-31164
-9142
31739
7148
-32188
-5126
32510
3084
-32703
-1029
32767
-1029
-32703
3084
32510
-5126
-32188
7148
31739
-9142
-31164
11100
30467
-13014
-29649
14876
28715
-16680
-27667
18418
26510
-20084
-25248
21670
23887
-23170
-22431
24580
20887
-25892
-19261
27102
17558
-28205
-15786
29197
13952
-30073
-12063
30831
10126
-31467
-8149
31979
6140
-32365
-4107
32623
2058
-32752
0
32752
-2058
-32623
4107
32365
-6140
-31979
8149
31467
-10126
-30831
12063
30073
-13952
-29197
15786
28205
-17558
-27102
19261
25892
-20887
-24580
22431
23170
-23887
-21670
25248
20084
-26510
-18418
27667
16680
-28715
-14876
29649
13014
-30467
-11100
31164
9142
-31739
-7148
32188
5126
-32510
-3084
32703
1029
-32768
1029
32703
-3084
-32510
5126
32188
-7148
-31739
9142
31164
-11100
-30467
13014
29649
-14876
-28715
16680
27667
-18418
-26510
20084
25248
-21670
-23887
23170
22431
-24580
-20887
25892
19261
-27102
-17558
28205
15786
-29197
-13952
30073
12063
-30831
-10126
31467
8149
-31979
-6140
32365
4107
-32623
-2058
32752
0
-32752
2058
32623
-4107
-32365
6140
31979
-8149
-31467
10126
30831
-12063
-30073
13952
29197
-15786
-28205
17558
27102
-19261
-25892
20887
24580
-22431
-23170
23887
21670
-25248
-20084
26510
18418
-27667
-16680
28715
14876
-29649
-13014
30467
11100
-31164
-9142
31739
7148
-32188
-5126
32510
3084
-32703
-1029
32767
-1029
-32703
3084
32510
-5126
-32188
7148
31739
-9142
-31164
11100
30467
-13014
-29649
14876
28715
-16680
-27667
18418
26510
-20084
-25248
21670
23887
-23170
-22431
24580
20887
-25892
-19261
27102
17558
-28205
-15786
29197
13952
-30073
-12063
30831
10126
-31467
-8149
31979
6140
-32365
-4107
32623
2058
-32752
0
32752
-2058
-32623
4107
32365
-6140
-31979
8149
31467
-10126
-30831
12063
30073
-13952
-29197
15786
28205
-17558
-27102
19261
25892
-20887
-24580
22431
23170
-23887
-21670
25248
20084
-26510
-18418
27667
16680
-28715
-14876
29649
13014
-30467
-11100
31164
9142
-31739
-7148
32188
5126
-32510
-3084
32703
1029
-32768
1029
32703
-3084
-32510
5126
32188
-7148
-31739
9142
31164
-11100
-30467
13014
29649
-14876
-28715
16680
27667
-18418
-26510
20084
25248
-21670
-23887
23170
22431
-24580
-20887
25892
19261
-27102
-17558
28205
15786
-29197
-13952
30073
12063
-30831
-10126
31467
8149
-31979
-6140
32365
4107
-32623
-2058
32752
0
-32752
2058
32623
-4107
-32365
6140
31979
-8149
-31467
10126
30831
-12063
-30073
13952
29197
-15786
-28205
17558
27102
-19261
-25892
20887
24580
-22431
-23170
23887
21670
-25248
-20084
26510
18418
-27667
-16680
28715
14876
-29649
-13014
30467
11100
-31164
-9142
31739
7148
-32188
-5126
32510
3084
-32703
-1029
32767
-1029
-32703
3084
32510
-5126
-32188
7148
31739
-9142
-31164
11100
30467
-13014
-29649
14876
28715
-16680
-27667
18418
26510
-20084
-25248
21670
23887
-23170
-22431
24580
20887
-25892
-19261
27102
17558
-28205
-15786
29197
13952
-30073
-12063
30831
10126
-31467
-8149
31979
6140
-32365
-4107
32623
2058
-32752
0
32752
-2058
-32623
4107
32365
-6140
-31979
8149
31467
-10126
-30831
12063
30073
-13952
-29197
15786
28205
-17558
-27102
19261
25892
-20887
-24580
22431
23170
-23887
-21670
25248
20084
-26510
-18418
27667
16680
-28715
-14876
29649
13014
-30467
-11100
31164
9142
-31739
-7148
32188
5126
-32510
-3084
32703
1029
-32768
1029
32703
-3084
-32510
5126
32188
-7148
-31739
9142
31164
-11100
-30467
13014
29649
-14876
-28715
16680
27667
-18418
-26510
20084
25248
-21670
-23887
23170
22431
-24580
-20887
25892
19261
-27102
-17558
28205
15786
-29197
-13952
30073
12063
-30831
-10126
31467
8149
-31979
-6140
32365
4107
-32623
-2058
32752
0
-32752
2058
32623
-4107
-32365
6140
31979
-8149
-31467
10126
30831
-12063
-30073
13952
29197
-15786
-28205
17558
27102
-19261
-25892
20887
24580
-22431
-23170
23887
21670
-25248
-20084
26510
18418
-27667
-16680
28715
14876
-29649
-13014
30467
11100
-31164
-9142
31739
7148
-32188
-5126
32510
3084
-32703
-1029
32767
-1029
-32703
3084
32510
-5126
-32188
7148
31739
-9142
-31164
11100
30467
-13014
-29649
14876
28715
-16680
-27667
18418
26510
-20084
-25248
21670
23887
-23170
-22431
24580
20887
-25892
-19261
27102
17558
-28205
-15786
29197
13952
-30073
-12063
30831
10126
-31467
-8149
31979
6140
-32365
-4107
32623
2058
-32752
0
32752
-2058
-32623
4107
32365
-6140
-31979
8149
31467
-10126
-30831
12063
30073
-13952
-29197
15786
28205
-17558
-27102
19261
25892
-20887
-24580
22431
23170
-23887
-21670
25248
20084
-26510
-18418
27667
16680
-28715
-14876
29649
13014
-30467
-11100
31164
9142
-31739
-7148
32188
5126
-32510
-3084
32703
1029
-32768
1029
32703
-3084
-32510
5126
32188
-7148
-31739
9142
31164
-11100
-30467
13014
29649
-14876
-28715
16680
27667
-18418
-26510
20084
25248
-21670
-23887
23170
22431
-24580
-20887
25892
19261
-27102
-17558
28205
15786
-29197
-13952
30073
12063
-30831
-10126
31467
8149
-31979
-6140
32365
4107
-32623
-2058
32752
0
-32752
2058
32623
-4107
-32365
6140
31979
-8149
-31467
10126
30831
-12063
-30073
13952
29197
-15786
-28205
17558
27102
-19261
-25892
20887
24580
-22431
-23170
23887
21670
-25248
-20084
26510
18418
-27667
-16680
28715
14876
-29649
-13014
30467
11100
-31164
-9142
31739
7148
-32188
-5126
32510
3084
-32703
-1029
32767
-1029
-32703
3084
32510
-5126
-32188
7148
31739
-9142
-31164
11100
30467
-13014
-29649
14876
28715
-16680
-27667
18418
26510
-20084
-25248
21670
23887
-23170
-22431
24580
20887
-25892
-19261
27102
17558
-28205
-15786
29197
13952
-30073
-12063
30831
10126
-31467
-8149
31979
6140
-32365
-4107
32623
2058
-32752
0
32752
-2058
-32623
4107
32365
-6140
-31979
8149
31467
-10126
-30831
12063
30073
-13952
-29197
15786
28205
-17558
-27102
19261
25892
-20887
-24580
22431
23170
-23887
-21670
25248
20084
-26510
-18418
27667
16680
-28715
-14876
29649
13014
-30467
-11100
31164
9142
-31739
-7148
32188
5126
-32510
-3084
32703
1029
-32768
1029
32703
-3084
-32510
5126
32188
-7148
-31739
9142
31164
-11100
-30467
13014
29649
-14876
-28715
16680
27667
-18418
-26510
20084
25248
-21670
-23887
23170
22431
-24580
-20887
25892
19261
-27102
-17558
28205
15786
-29197
-13952
30073
12063
-30831
-10126
31467
8149
-31979
-6140
32365
4107
-32623
-2058
32752
0
-32752
2058
32623
-4107
-32365
6140
31979
-8149
-31467
10126
30831
-12063
-30073
13952
29197
-15786
-28205
17558
27102
-19261
-25892
20887
24580
-22431
-23170
23887
21670
-25248
-20084
26510
18418
-27667
-16680
28715
14876
-29649
-13014
30467
11100
-31164
-9142
31739
7148
-32188
-5126
32510
3084
-32703
-1029
32767
-1029
-32703
3084
32510
-5126
-32188
7148
31739
-9142
-31164
11100
30467
-13014
-29649
14876
28715
-16680
-27667
18418
26510
-20084
-25248
21670
23887
-23170
-22431
24580
20887
-25892
-19261
27102
17558
-28205
-15786
29197
13952
-30073
-12063
30831
10126
-31467
-8149
31979
6140
-32365
-4107
32623
2058
-32752
0
32752
-2058
-32623
4107
32365
-6140
-31979
8149
31467
-10126
-30831
12063
30073
-13952
-29197
15786
28205
-17558
-27102
19261
25892
-20887
-24580
22431
23170
-23887
-21670
25248
20084
-26510
-18418
27667
16680
-28715
-14876
29649
13014
-30467
-11100
31164
9142
-31739
-7148
32188
5126
-32510
-3084
32703
1029
-32768
1029
32703
-3084
-32510
5126
32188
-7148
-31739
9142
31164
-11100
-30467
13014
29649
-14876
-28715
16680
27667
-18418
-26510
20084
25248
-21670
-23887
23170
22431
-24580
-20887
25892
19261
-27102
-17558
28205
15786
-29197
-13952
30073
12063
-30831
-10126
31467
8149
-31979
-6140
32365
4107
-32623
-2058
32752
0
-32752
2058
32623
-4107
-32365
6140
31979
-8149
-31467
10126
30831
-12063
-30073
13952
29197
-15786
-28205
17558
27102
-19261
-25892
20887
24580
-22431
-23170
23887
21670
-25248
-20084
26510
18418
-27667
-16680
28715
14876
-29649
-13014
30467
11100
-31164
-9142
31739
7148
-32188
-5126
32510
3084
-32703
-1029
32767
-1029
-32703
3084
32510
-5126
-32188
7148
31739
-9142
-31164
11100
30467
-13014
-29649
14876
28715
-16680
-27667
18418
26510
-20084
-25248
21670
23887
-23170
-22431
24580
20887
-25892
-19261
27102
17558
-28205
-15786
29197
13952
-30073
-12063
30831
10126
-31467
-8149
31979
6140
-32365
-4107
32623
2058
-32752
0
32752
-2058
-32623
4107
32365
-6140
-31979
8149
31467
-10126
-30831
12063
30073
-13952
-29197
15786
28205
-17558
-27102
19261
25892
-20887
-24580
22431
23170
-23887
-21670
25248
20084
-26510
-18418
27667
16680
-28715
-14876
29649
13014
-30467
-11100
31164
9142
-31739
-7148
32188
5126
-32510
-3084
32703
1029
-32768
1029
32703
-3084
-32510
5126
32188
-7148
-31739
9142
31164
-11100
-30467
13014
29649
-14876
-28715
16680
27667
-18418
-26510
20084
25248
-21670
-23887
23170
22431
-24580
-20887
25892
19261
-27102
-17558
28205
15786
-29197
-13952
30073
12063
-30831
-10126
31467
8149
-31979
-6140
32365
4107
-32623
-2058
32752
0
-32752
2058
32623
-4107
-32365
6140
31979
-8149
-31467
10126
30831
-12063
-30073
13952
29197
-15786
-28205
17558
27102
-19261
-25892
20887
24580
-22431
-23170
23887
21670
-25248
-20084
26510
18418
-27667
-16680
28715
14876
-29649
-13014
30467
11100
-31164
-9142
31739
7148
-32188
-5126
32510
3084
-32703
-1029
32767
-1029
-32703
3084
32510
-5126
-32188
7148
31739
-9142
-31164
11100
30467
-13014
-29649
14876
28715
-16680
-27667
18418
26510
-20084
-25248
21670
23887
-23170
-22431
24580
20887
-25892
-19261
27102
17558
-28205
-15786
29197
13952
-30073
-12063
30831
10126
-31467
-8149
31979
6140
-32365
-4107
32623
2058
-32752
0
32752
-2058
-32623
4107
32365
-6140
-31979
8149
31467
-10126
-30831
12063
30073
-13952
-29197
15786
28205
-17558
-27102
19261
25892
-20887
-24580
22431
23170
-23887
-21670
25248
20084
-26510
-18418
27667
16680
-28715
-14876
29649
13014
-30467
-11100
31164
9142
-31739
-7148
32188
5126
-32510
-3084
32703
1029
-32768
1029
32703
-3084
-32510
5126
32188
-7148
-31739
9142
31164
-11100
-30467
13014
29649
-14876
-28715
16680
27667
-18418
-26510
20084
25248
-21670
-23887
23170
22431
-24580
-20887
25892
19261
-27102
-17558
28205
15786
-29197
-13952
30073
12063
-30831
-10126
31467
8149
-31979
-6140
32365
4107
-32623
-2058
32752
0
-32752
2058
32623
-4107
-32365
6140
31979
-8149
-31467
10126
30831
-12063
-30073
13952
29197
-15786
-28205
17558
27102
-19261
-25892
20887
24580
-22431
-23170
23887
21670
-25248
-20084
26510
18418
-27667
-16680
28715
14876
-29649
-13014
30467
11100
-31164
-9142
31739
7148
-32188
-5126
32510
3084
-32703
-1029
32767
-1029
-32703
3084
32510
-5126
-32188
7148
31739
-9142
-31164
11100
30467
-13014
-29649
14876
28715
-16680
-27667
18418
26510
-20084
-25248
21670
23887
-23170
-22431
24580
20887
-25892
-19261
27102
17558
-28205
-15786
29197
13952
-30073
-12063
30831
10126
-31467
-8149
31979
6140
-32365
-4107
32623
2058
-32752
0
32752
-2058
-32623
4107
32365
-6140
-31979
8149
31467
-10126
-30831
12063
30073
-13952
-29197
15786
28205
-17558
-27102
19261
25892
-20887
-24580
22431
23170
-23887
-21670
25248
20084
-26510
-18418
27667
16680
-28715
-14876
29649
13014
-30467
-11100
31164
9142
-31739
-7148
32188
5126
-32510
-3084
32703
1029
-32768
1029
32703
-3084
-32510
5126
32188
-7148
-31739
9142
31164
-11100
-30467
13014
29649
-14876
-28715
16680
27667
-18418
-26510
20084
25248
-21670
-23887
23170
22431
-24580
-20887
25892
19261
-27102
-17558
28205
15786
-29197
-13952
30073
12063
-30831
-10126
31467
8149
-31979
-6140
32365
4107
-32623
-2058
32752
0
-32752
2058
32623
-4107
-32365
6140
31979
-8149
-31467
10126
30831
-12063
-30073
13952
29197
-15786
-28205
17558
27102
-19261
-25892
20887
24580
-22431
-23170
23887
21670
-25248
-20084
26510
18418
-27667
-16680
28715
14876
-29649
-13014
30467
11100
-31164
-9142
31739
7148
-32188
-5126
32510
3084
-32703
-1029
32767
-1029
-32703
3084
32510
-5126
-32188
7148
31739
-9142
-31164
11100
30467
-13014
-29649
14876
28715
-16680
-27667
18418
26510
-20084
-25248
21670
23887
-23170
-22431
24580
20887
-25892
-19261
27102
17558
-28205
-15786
29197
13952
-30073
-12063
30831
10126
-31467
-8149
31979
6140
-32365
-4107
32623
2058
-32752
0
32752
-2058
-32623
4107
32365
-6140
-31979
8149
31467
-10126
-30831
12063
30073
-13952
-29197
15786
28205
-17558
-27102
19261
25892
-20887
-24580
22431
23170
-23887
-21670
25248
20084
-26510
-18418
27667
16680
-28715
-14876
29649
13014
-30467
-11100
31164
9142
-31739
-7148
32188
5126
-32510
-3084
32703
1029
-32768
1029
32703
-3084
-32510
5126
32188
-7148
-31739
9142
31164
-11100
-30467
13014
29649
-14876
-28715
16680
27667
-18418
-26510
20084
25248
-21670
-23887
23170
22431
-24580
-20887
25892
19261
-27102
-17558
28205
15786
-29197
-13952
30073
12063
-30831
-10126
31467
8149
-31979
-6140
32365
4107
-32623
-2058
32752
0
-32752
2058
32623
-4107
-32365
6140
31979
-8149
-31467
10126
30831
-12063
-30073
13952
29197
-15786
-28205
17558
27102
-19261
-25892
20887
24580
-22431
-23170
23887
21670
-25248
-20084
26510
18418
-27667
-16680
28715
14876
-29649
-13014
30467
11100
-31164
-9142
31739
7148
-32188
-5126
32510
3084
-32703
-1029
32767
-1029
-32703
3084
32510
-5126
-32188
7148
31739
-9142
-31164
11100
30467
-13014
-29649
14876
28715
-16680
-27667
18418
26510
-20084
-25248
21670
23887
-23170
-22431
24580
20887
-25892
-19261
27102
17558
-28205
-15786
29197
13952
-30073
-12063
30831
10126
-31467
-8149
31979
6140
-32365
-4107
32623
2058
-32752
0
32752
-2058
-32623
4107
32365
-6140
-31979
8149
31467
-10126
-30831
12063
30073
-13952
-29197
15786
28205
-17558
-27102
19261
25892
-20887
-24580
22431
23170
-23887
-21670
25248
20084
-26510
-18418
27667
16680
-28715
-14876
29649
13014
-30467
-11100
31164
9142
-31739
-7148
32188
5126
-32510
-3084
32703
1029
-32768
1029
32703
-3084
-32510
5126
32188
-7148
-31739
9142
31164
-11100
-30467
13014
29649
-14876
-28715
16680
27667
-18418
-26510
20084
25248
-21670
-23887
23170
22431
-24580
-20887
25892
19261
-27102
-17558
28205
15786
-29197
-13952
30073
12063
-30831
-10126
31467
8149
-31979
-6140
32365
4107
-32623
-2058
32752
0
-32752
2058
32623
-4107
-32365
6140
31979
-8149
-31467
10126
30831
-12063
-30073
13952
29197
-15786
-28205
17558
27102
-19261
-25892
20887
24580
-22431
-23170
23887
21670
-25248
-20084
26510
18418
-27667
-16680
28715
14876
-29649
-13014
30467
11100
-31164
-9142
31739
7148
-32188
-5126
32510
3084
-32703
-1029
32767
-1029
-32703
3084
32510
-5126
-32188
7148
31739
-9142
-31164
11100
30467
-13014
-29649
14876
28715
-16680
-27667
18418
26510
-20084
-25248
21670
23887
-23170
-22431
24580
20887
-25892
-19261
27102
17558
-28205
-15786
29197
13952
-30073
-12063
30831
10126
-31467
-8149
31979
6140
-32365
-4107
32623
2058
-32752
0
32752
-2058
-32623
4107
32365
-6140
-31979
8149
31467
-10126
-30831
12063
30073
-13952
-29197
15786
28205
-17558
-27102
19261
25892
-20887
-24580
22431
23170
-23887
-21670
25248
20084
-26510
-18418
27667
16680
-28715
-14876
29649
13014
-30467
-11100
31164
9142
-31739
-7148
32188
5126
-32510
-3084
32703
1029
-32768
1029
32703
-3084
-32510
5126
32188
-7148
-31739
9142
31164
-11100
-30467
13014
29649
-14876
-28715
16680
27667
-18418
-26510
20084
25248
-21670
-23887
23170
22431
-24580
-20887
25892
19261
-27102
-17558
28205
15786
-29197
-13952
30073
12063
-30831
-10126
31467
8149
-31979
-6140
32365
4107
-32623
-2058
32752
0
-32752
2058
32623
-4107
-32365
6140
31979
-8149
-31467
10126
30831
-12063
-30073
13952
29197
-15786
-28205
17558
27102
-19261
-25892
20887
24580
-22431
-23170
23887
21670
-25248
-20084
26510
18418
-27667
-16680
28715
14876
-29649
-13014
30467
11100
-31164
-9142
31739
7148
-32188
-5126
32510
3084
-32703
-1029
32767
-1029
-32703
3084
32510
-5126
-32188
7148
31739
-9142
-31164
11100
30467
-13014
-29649
14876
28715
-16680
-27667
18418
26510
-20084
-25248
21670
23887
-23170
-22431
24580
20887
-25892
-19261
27102
17558
-28205
-15786
29197
13952
-30073
-12063
30831
10126
-31467
-8149
31979
6140
-32365
-4107
32623
2058
-32752
0
32752
-2058
-32623
4107
32365
-6140
-31979
8149
31467
-10126
-30831
12063
30073
-13952
-29197
15786
28205
-17558
-27102
19261
25892
-20887
-24580
22431
23170
-23887
-21670
25248
20084
-26510
-18418
27667
16680
-28715
-14876
29649
13014
-30467
-11100
31164
9142
-31739
-7148
32188
5126
-32510
-3084
32703
1029
-32768
1029
32703
-3084
-32510
5126
32188
-7148
-31739
9142
31164
-11100
-30467
13014
29649
-14876
-28715
16680
27667
-18418
-26510
20084
25248
-21670
-23887
23170
22431
-24580
-20887
25892
19261
-27102
-17558
28205
15786
-29197
-13952
30073
12063
-30831
-10126
31467
8149
-31979
-6140
32365
4107
-32623
-2058
32752
0
-32752
2058
32623
-4107
-32365
6140
31979
-8149
-31467
10126
30831
-12063
-30073
13952
29197
-15786
-28205
17558
27102
-19261
-25892
20887
24580
-22431
-23170
23887
21670
-25248
-20084
26510
18418
-27667
-16680
28715
14876
-29649
-13014
30467
11100
-31164
-9142
31739
7148
-32188
-5126
32510
3084
-32703
-1029
32767
-1029
-32703
3084
32510
-5126
-32188
7148
31739
-9142
-31164
11100
30467
-13014
-29649
14876
28715
-16680
-27667
18418
26510
-20084
-25248
21670
23887
-23170
-22431
24580
20887
-25892
-19261
27102
17558
-28205
-15786
29197
13952
-30073
-12063
30831
10126
-31467
-8149
31979
6140
-32365
-4107
32623
2058
-32752
0
32752
-2058
-32623
4107
32365
-6140
-31979
8149
31467
-10126
-30831
12063
30073
-13952
-29197
15786
28205
-17558
-27102
19261
25892
-20887
-24580
22431
23170
-23887
-21670
25248
20084
-26510
-18418
27667
16680
-28715
-14876
29649
13014
-30467
-11100
31164
9142
-31739
-7148
32188
5126
-32510
-3084
32703
1029
-32768
1029
32703
-3084
-32510
5126
32188
-7148
-31739
9142
31164
-11100
-30467
13014
29649
-14876
-28715
16680
27667
-18418
-26510
20084
25248
-21670
-23887
23170
22431
-24580
-20887
25892
19261
-27102
-17558
28205
15786
-29197
-13952
30073
12063
-30831
-10126
31467
8149
-31979
-6140
32365
4107
-32623
-2058
32752
0
-32752
2058
32623
-4107
-32365
6140
31979
-8149
-31467
10126
30831
-12063
-30073
13952
29197
-15786
-28205
17558
27102
-19261
-25892
20887
24580
-22431
-23170
23887
21670
-25248
-20084
26510
18418
-27667
-16680
28715
14876
-29649
-13014
30467
11100
-31164
-9142
31739
7148
-32188
-5126
32510
3084
-32703
-1029
32767
-1029
-32703
3084
32510
-5126
-32188
7148
31739
-9142
-31164
11100
30467
-13014
-29649
14876
28715
-16680
-27667
18418
26510
-20084
-25248
21670
23887
-23170
-22431
24580
20887
-25892
-19261
27102
17558
-28205
-15786
29197
13952
-30073
-12063
30831
10126
-31467
-8149
31979
6140
-32365
-4107
32623
2058
-32752
0
32752
-2058
-32623
4107
32365
-6140
-31979
8149
31467
-10126
-30831
12063
30073
-13952
-29197
15786
28205
-17558
-27102
19261
25892
-20887
-24580
22431
23170
-23887
-21670
25248
20084
-26510
-18418
27667
16680
-28715
-14876
29649
13014
-30467
-11100
31164
9142
-31739
-7148
32188
5126
-32510
-3084
32703
1029
-32768
1029
32703
-3084
-32510
5126
32188
-7148
-31739
9142
31164
-11100
-30467
13014
29649
-14876
-28715
16680
27667
-18418
-26510
20084
25248
-21670
-23887
23170
22431
-24580
-20887
25892
19261
-27102
-17558
28205
15786
-29197
-13952
30073
12063
-30831
-10126
31467
8149
-31979
-6140
32365
4107
-32623
-2058
32752
0
-32752
2058
32623
-4107
-32365
6140
31979
-8149
-31467
10126
30831
-12063
-30073
13952
29197
-15786
-28205
17558
27102
-19261
-25892
20887
24580
-22431
-23170
23887
21670
-25248
-20084
26510
18418
-27667
-16680
28715
14876
-29649
-13014
30467
11100
-31164
-9142
31739
7148
-32188
-5126
32510
3084
-32703
-1029
32767
-1029
-32703
3084
32510
-5126
-32188
7148
31739
-9142
-31164
11100
30467
-13014
-29649
14876
28715
-16680
-27667
18418
26510
-20084
-25248
21670
23887
-23170
-22431
24580
20887
-25892
-19261
27102
17558
-28205
-15786
29197
13952
-30073
-12063
30831
10126
-31467
-8149
31979
6140
-32365
-4107
32623
2058
-32752
0
32752
-2058
-32623
4107
32365
-6140
-31979
8149
31467
-10126
-30831
12063
30073
-13952
-29197
15786
28205
-17558
-27102
19261
25892
-20887
-24580
22431
23170
-23887
-21670
25248
20084
-26510
-18418
27667
16680
-28715
-14876
29649
13014
-30467
-11100
31164
9142
-31739
-7148
32188
5126
-32510
-3084
32703
1029
-32768
1029
32703
-3084
-32510
5126
32188
-7148
-31739
9142
31164
-11100
-30467
13014
29649
-14876
-28715
16680
27667
-18418
-26510
20084
25248
-21670
-23887
23170
22431
-24580
-20887
25892
19261
-27102
-17558
28205
15786
-29197
-13952
30073
12063
-30831
-10126
31467
8149
-31979
-6140
32365
4107
-32623
-2058
32752
0
-32752
2058
32623
-4107
-32365
6140
31979
-8149
-31467
10126
30831
-12063
-30073
13952
29197
-15786
-28205
17558
27102
-19261
-25892
20887
24580
-22431
-23170
23887
21670
-25248
-20084
26510
18418
-27667
-16680
28715
14876
-29649
-13014
30467
11100
-31164
-9142
31739
7148
-32188
-5126
32510
3084
-32703
-1029
32767
-1029
-32703
3084
32510
-5126
-32188
7148
31739
-9142
-31164
11100
30467
-13014
-29649
14876
28715
-16680
-27667
18418
26510
-20084
-25248
21670
23887
-23170
-22431
24580
20887
-25892
-19261
27102
17558
-28205
-15786
29197
13952
-30073
-12063
30831
10126
-31467
-8149
31979
6140
-32365
-4107
32623
2058
-32752
0
32752
-2058
-32623
4107
32365
-6140
-31979
8149
31467
-10126
-30831
12063
30073
-13952
-29197
15786
28205
-17558
-27102
19261
25892
-20887
-24580
22431
23170
-23887
-21670
25248
20084
-26510
-18418
27667
16680
-28715
-14876
29649
13014
-30467
-11100
31164
9142
-31739
-7148
32188
5126
-32510
-3084
32703
1029
-32768
1029
32703
-3084
-32510
5126
32188
-7148
-31739
9142
31164
-11100
-30467
13014
29649
-14876
-28715
16680
27667
-18418
-26510
20084
25248
-21670
-23887
23170
22431
-24580
-20887
25892
19261
-27102
-17558
28205
15786
-29197
-13952
30073
12063
-30831
-10126
31467
8149
-31979
-6140
32365
4107
-32623
-2058
32752
0
-32752
2058
32623
-4107
-32365
6140
31979
-8149
-31467
10126
30831
-12063
-30073
13952
29197
-15786
-28205
17558
27102
-19261
-25892
20887
24580
-22431
-23170
23887
21670
-25248
-20084
26510
18418
-27667
-16680
28715
14876
-29649
-13014
30467
11100
-31164
-9142
31739
7148
-32188
-5126
32510
3084
-32703
-1029
32767
-1029
-32703
3084
32510
-5126
-32188
7148
31739
-9142
-31164
11100
30467
-13014
-29649
14876
28715
-16680
-27667
18418
26510
-20084
-25248
21670
23887
-23170
-22431
24580
20887
-25892
-19261
27102
17558
-28205
-15786
29197
13952
-30073
-12063
30831
10126
-31467
-8149
31979
6140
-32365
-4107
32623
2058
-32752
0
32752
-2058
-32623
4107
32365
-6140
-31979
8149
31467
-10126
-30831
12063
30073
-13952
-29197
15786
28205
-17558
-27102
19261
25892
-20887
-24580
22431
23170
-23887
-21670
25248
20084
-26510
-18418
27667
16680
-28715
-14876
29649
13014
-30467
-11100
31164
9142
-31739
-7148
32188
5126
-32510
-3084
32703
1029
-32768
1029
32703
-3084
-32510
5126
32188
-7148
-31739
9142
31164
-11100
-30467
13014
29649
-14876
-28715
16680
27667
-18418
-26510
20084
25248
-21670
-23887
23170
22431
-24580
-20887
25892
19261
-27102
-17558
28205
15786
-29197
-13952
30073
12063
-30831
-10126
31467
8149
-31979
-6140
32365
4107
-32623
-2058
32752
0
-32752
2058
32623
-4107
-32365
6140
31979
-8149
-31467
10126
30831
-12063
-30073
13952
29197
-15786
-28205
17558
27102
-19261
-25892
20887
24580
-22431
-23170
23887
21670
-25248
-20084
26510
18418
-27667
-16680
28715
14876
-29649
-13014
30467
11100
-31164
-9142
31739
7148
-32188
-5126
32510
3084
-32703
-1029
32767
-1029
-32703
3084
32510
-5126
-32188
7148
31739
-9142
-31164
11100
30467
-13014
-29649
14876
28715
-16680
-27667
18418
26510
-20084
-25248
21670
23887
-23170
-22431
24580
20887
-25892
-19261
27102
17558
-28205
-15786
29197
13952
-30073
-12063
30831
10126
-31467
-8149
31979
6140
-32365
-4107
32623
2058
-32752
0
32752
-2058
-32623
4107
32365
-6140
-31979
8149
31467
-10126
-30831
12063
30073
-13952
-29197
15786
28205
-17558
-27102
19261
25892
-20887
-24580
22431
23170
-23887
-21670
25248
20084
-26510
-18418
27667
16680
-28715
-14876
29649
13014
-30467
-11100
31164
9142
-31739
-7148
32188
5126
-32510
-3084
32703
1029
-32768
1029
32703
-3084
-32510
5126
32188
-7148
-31739
9142
31164
-11100
-30467
13014
29649
-14876
-28715
16680
27667
-18418
-26510
20084
25248
-21670
-23887
23170
22431
-24580
-20887
25892
19261
-27102
-17558
28205
15786
-29197
-13952
30073
12063
-30831
-10126
31467
8149
-31979
-6140
32365
4107
-32623
-2058
32752
0
-32752
2058
32623
-4107
-32365
6140
31979
-8149
-31467
10126
30831
-12063
-30073
13952
29197
-15786
-28205
17558
27102
-19261
-25892
20887
24580
-22431
-23170
23886
21667
-25241
-20074
26489
18398
-27625
-16647
28643
14831
-29539
-12956
30308
11033
-30948
-9070
31456
7077
-31830
-5063
32068
3038
-32171
-1011
32138
-1008
-31971
3009
31670
-4984
-31238
6924
30678
-8818
-29994
10659
29190
-12438
-28269
14148
27239
-15781
-26104
17329
24871
-18787
-23547
20148
22140
-21407
-20656
22558
19103
-23598
-17491
24522
15828
-25329
-14121
26014
12381
-26577
-10616
27017
8835
-27333
-7047
27526
5260
-27595
-3485
27544
1729
-27374
0
27088
-1693
-26690
3341
26183
-4939
-25573
6478
24864
-7952
-24061
9355
23172
-10680
-22201
11923
21157
-13079
-20045
14143
18874
-15113
-17651
15985
16384
-16757
-15080
17428
13748
-17995
-12396
18459
11031
-18820
-9661
19078
8295
-19235
-6940
19294
5603
-19255
-4292
19123
3013
-18902
-1773
18594
579
-18205
565
17740
-1652
-17203
2678
16602
-3639
-15941
4529
15227
-5347
-14467
6090
13668
-6754
-12835
7338
11976
-7842
-11099
8265
10209
-8606
-9314
8867
8421
-9048
-7536
9152
6666
-9180
-5818
9136
4996
-9022
-4207
8843
3456
-8602
-2749
8303
2089
-7953
-1480
7555
927
-7116
-433
6642
0
-6137
370
5609
-674
-5063
913
4506
-1085
-3944
1190
3383
-1229
-2830
1204
2291
-1115
-1771
965
1277
-756
-813
492
386
-176
