7
7
2
7
7
4
7
7
5
7
0
5
7
1
5
7
2
5
7
2
4
7
3
4
7
3
4
7
2
5
7
2
5
7
1
6
7
0
6
7
7
7
7
7
7
7
7
7
7
7
7
7
7
7
0
7
5
2
7
3
5
7
0
6
7
7
7
7
7
7
7
7
5
2
7
2
5
7
7
7
7
7
7
7
7
5
4
7
0
7
7
7
7
7
7
4
4
7
7
7
7
7
7
1
7
2
6
7
7
7
7
7
4
5
7
7
7
7
7
4
5
7
7
7
7
7
4
5
7
7
7
0
7
2
7
7
7
6
3
7
7
7
7
7
3
6
7
7
6
2
7
7
7
7
7
2
7
7
7
5
5
7
7
7
2
7
7
7
0
7
0
7
7
7
2
7
7
7
3
7
7
7
4
6
7
7
4
6
7
7
4
6
7
7
4
6
7
7
4
6
7
7
3
7
7
7
2
7
7
7
0
7
0
7
7
7
3
7
7
6
5
7
7
3
7
7
7
0
7
1
7
7
6
5
7
7
3
7
7
7
7
7
3
7
7
4
7
7
7
7
7
3
7
7
3
7
7
7
7
6
5
7
7
0
7
2
7
7
3
7
7
7
7
5
6
7
7
7
6
5
7
7
7
7
5
7
7
7
7
4
7
7
7
7
4
7
7
7
7
5
7
7
7
6
6
7
7
7
5
7
0
7
7
3
7
2
7
7
0
7
5
7
7
7
5
7
1
7
7
0
7
5
7
7
7
4
7
2
7
7
7
4
4
0
7
7
0
1
0
