172
-17
-512
103
841
-254
-1147
468
1423
-741
-1659
1065
1848
-1436
-1984
1844
2059
-2283
-2070
2744
2014
-3217
-1887
3693
1689
-4163
-1420
4618
1081
-5049
-675
5446
204
-5802
327
6109
-913
-6360
1548
6548
-2225
-6667
2937
6714
-3675
-6684
4433
6574
-5201
-6382
5970
6107
-6732
-5750
7478
5311
-8199
-4791
8887
4194
-9534
-3524
10132
2783
-10674
-1978
11153
1114
-11564
-197
11900
-766
-12157
1768
12330
-2802
-12418
3859
12416
-4932
-12324
6013
12140
-7094
-11864
8166
11497
-9222
-11040
10254
10494
-11255
-9862
12216
9148
-13132
-8355
13995
7487
-14801
-6550
15542
5548
-16214
-4487
16813
3373
-17334
-2212
17773
1011
-18129
224
18399
-1487
-18580
2770
18672
-4066
-18674
5370
18586
-6674
-18408
7972
18141
-9257
-17787
10524
17348
-11766
-16826
12978
16222
-14154
-15542
15290
14787
-16379
-13962
17419
13071
-18405
-12117
19334
11105
-20201
-10040
21005
8926
-21742
-7768
22411
6571
-23010
-5340
23537
4080
-23991
-2795
24372
1491
-24679
-171
24912
-1158
-25072
2493
25159
-3830
-25175
5163
25119
-6489
-24995
7804
24802
-9104
-24544
10385
24222
-11645
-23839
12879
23396
-14086
-22897
15262
22344
-16405
-21740
17512
21087
-18582
-20389
19613
19648
-20602
-18868
21550
18051
-22454
-17200
23314
16319
-24129
-15410
24898
14476
-25620
-13521
26297
12547
-26927
-11556
27511
10552
-28049
-9537
28542
8514
-28989
-7485
29393
6452
-29753
-5419
30070
4386
-30346
-3357
30581
2332
-30777
-1315
30935
306
-31056
692
31142
-1679
-31193
2652
31213
-3611
-31201
4554
31159
-5480
-31090
6388
30994
-7277
-30873
8146
30729
-8995
-30563
9822
30376
-10628
-30171
11412
29948
-12173
-29710
12911
29457
-13626
-29192
14318
28915
-14986
-28628
15630
28332
-16251
-28028
16848
27718
-17421
-27404
17972
27085
-18498
-26764
19002
26441
-19483
-26118
19941
25795
-20376
-25474
20790
25155
-21182
-24839
21552
24527
-21902
-24222
22233
23924
-22546
-23636
22841
23357
-23120
-23088
23382
22829
-23628
-22581
23858
22345
-24073
-22120
24273
21908
-24459
-21708
24630
21521
-24787
-21347
24931
21186
-25062
-21039
25179
20906
-25284
-20786
25376
20681
-25455
-20591
25522
20515
-25578
-20453
25621
20406
-25652
-20374
25672
20357
-25680
-20355
25676
20367
-25660
-20394
25633
20436
-25594
-20493
25542
20564
-25479
-20650
25403
20750
-25316
-20864
25215
20993
-25102
-21135
24976
21292
-24837
-21461
24684
21644
-24517
-21840
24337
22048
-24142
-22269
23932
22501
-23706
-22745
23466
23000
-23209
-23266
22936
23542
-22646
-23827
22339
24122
-22014
-24424
21671
24735
-21309
-25053
20928
25377
-20528
-25707
20108
26041
-19667
-26380
19205
26722
-18721
-27066
18216
27411
-17689
-27756
17139
28101
-16566
-28443
15969
28783
-15349
-29118
14705
29447
-14036
-29770
13343
30084
-12625
-30389
11883
30683
-11115
-30964
10323
31231
-9506
-31483
8664
31717
-7797
-31932
6906
32127
-5991
-32299
5053
32447
-4092
-32569
3108
32664
-2102
-32729
1076
32763
-30
-32764
-1036
32730
2119
-32659
-3218
32550
4333
-32400
-5461
32208
6602
-31973
-7752
31691
8910
-31363
-10075
30986
11243
-30559
-12413
30080
13582
-29548
-14748
28962
15906
-28321
-17056
27623
18193
-26869
-19315
26057
20418
-25187
-21498
24258
22553
-23271
-23578
22225
24570
-21122
-25525
19960
26439
-18742
-27308
17468
28128
-16139
-28894
14758
29604
-13325
-30253
11844
30836
-10316
-31350
8745
31790
-7134
-32154
5485
32437
-3803
-32635
2093
32745
-357
-32764
-1398
32688
3169
-32516
-4948
32243
6732
-31869
-8513
31391
10285
-30807
-12042
30116
13777
-29318
-15483
28413
17153
-27400
-18779
26280
20354
-25054
-21870
23724
23319
-22293
-24693
20764
25985
-19139
-27187
17423
28291
-15622
-29290
13740
30177
-11783
-30944
9759
31585
-7675
-32094
5539
32464
-3360
-32690
1146
32767
1092
-32693
-3343
32462
5597
-32071
-7843
31520
10068
-30806
-12261
29929
14408
-28891
-16498
27693
18516
-26338
-20452
24829
22290
-23171
-24020
21372
25627
-19437
-27100
17375
28427
-15196
-29596
12910
30596
-10529
-31418
8067
32053
-5536
-32491
2951
32727
-329
-32753
-2313
32565
4960
-32161
-7592
31537
10191
-30694
-12739
29633
15215
-28357
-17602
26870
19878
-25180
-22026
23295
24026
-21224
-25861
18981
27513
-16578
-28965
14032
30203
-11359
-31211
8580
31977
-5714
-32491
2783
32742
190
-32725
-3179
32433
6161
-31865
-9109
31019
11996
-29899
-14797
28508
17483
-26855
-20030
24950
22410
-22806
-24598
20438
26571
-17865
-28306
15107
29782
-12189
-30980
9135
31883
-5974
-32476
2735
32750
549
-32694
-3847
32305
7124
-31580
-10346
30521
13478
-29134
-16484
27428
19329
-25417
-21981
23117
24406
-20549
-26573
17739
28455
-14712
-30023
11502
31256
-8142
-32134
4669
32639
-1122
-32761
-2456
32492
6024
-31829
-9537
30773
12952
-29332
-16223
27517
19308
-25347
-22164
22843
24751
-20032
-27031
16947
28970
-13623
-30537
10103
31704
-6430
-32450
2651
32760
1182
-32621
-5018
32029
8802
-30986
-12481
29500
16001
-27586
-19308
25266
22352
-22566
-25083
19523
27457
-16175
-29434
12570
30977
-8758
-32056
4794
32650
-739
-32742
-3347
32323
7399
-31393
-11353
29960
15143
-28039
-18707
25656
21982
-22843
-24911
19641
27441
-16098
-29524
12269
31118
-8215
-32190
4004
32715
296
-32676
-4608
32066
8859
-30889
-12972
29158
16870
-26897
-20482
24140
23738
-20931
-26572
17324
28929
-13381
-30756
9171
32014
-4770
-32671
260
32706
4273
-32113
-8743
30893
13060
-29063
-17139
26653
20894
-23702
-24248
20264
27126
-16403
-29466
12191
31211
-7712
-32320
3055
32761
1684
-32516
-6407
31584
11012
-29975
-15399
27716
19472
-24848
-23138
21427
26311
-17523
-28916
13215
30889
-8595
-32176
3765
32742
1170
-32565
-6096
31641
10901
-29982
-15471
27619
19696
-24600
-23474
20987
26709
-16862
-29318
12317
31230
-7458
-32393
2399
32767
2737
-32337
-7824
31104
12735
-29089
-17345
26335
21533
-22904
-25189
18876
28212
-14348
-30519
9432
32040
-4253
-32729
-1055
32557
6355
-31520
-11504
29637
16363
-26949
-20796
23522
24679
-19441
-27899
14810
30361
-9755
-31988
4409
32725
1078
-32544
-6553
31439
11861
-29433
-16847
26574
21363
-22936
-25275
18618
28460
-13739
-30819
8438
32272
-2869
-32768
-2804
32281
8412
-30817
-13783
28411
18751
-25126
-23158
21056
26864
-16320
-29746
11058
31705
-5432
-32670
-384
32601
6206
-31490
-11848
29363
17126
-26280
-21865
22330
25904
-17636
-29104
12346
31352
-6629
-32562
673
32685
5324
-31706
-11160
29648
16634
-26572
-21555
22573
25748
-17782
-29062
12357
31371
-6484
-32587
364
32655
5787
-31563
-11751
29339
17311
-26052
-22263
21814
26422
-16768
-29628
11093
31756
-4992
-32716
-1311
32462
7585
-30994
-13592
28355
19104
-24635
-23907
19966
27811
-14519
-30659
8497
32330
-2129
-32749
-4341
31890
10660
-29774
-16576
26475
21852
-22114
-26271
16855
29649
-10904
-31841
4494
32746
2117
-32318
-8659
30562
14864
-27540
-20470
23366
25240
-18205
-28967
12265
31485
-5792
-32677
-946
32481
7661
-30895
-14066
27974
19882
-23834
-24850
18646
28748
-12628
-31395
6038
32663
837
-32486
-7694
30860
14224
-27845
-20133
23566
25147
-18208
-29032
12006
31599
-5236
-32722
-1792
32336
8756
-30447
-15330
27132
21205
-22535
-26096
16862
29766
-10374
-32029
3375
32767
3804
-31932
-10818
29552
17326
-25731
-23008
20644
27578
-14530
-30802
7684
32512
-440
-32609
-6845
31078
13805
-27981
-20088
23465
25370
-17746
-29374
11108
31887
-3884
-32768
-3559
31958
10835
-29487
-17566
25472
23395
-20111
-28008
13677
31153
-6503
-32652
-1035
32412
8535
-30434
-15596
26811
21831
-21727
-26896
15448
30506
-8310
-32452
697
32616
6972
-30973
-14273
27604
20796
-22684
-26169
16478
30081
-9326
-32300
1629
32688
6179
-31210
-13652
27936
20357
-23044
-25901
16804
29953
-9572
-32266
1762
32693
6169
-31194
-13754
27845
20541
-22832
-26119
16443
30145
-9052
-32366
1098
32636
6941
-30923
-14576
27320
21336
-22033
-26801
15377
30624
-7755
-32556
-367
32463
8484
-30339
-16087
26302
22694
-20595
-27878
13567
31301
-5660
-32732
-2628
32066
10765
-29330
-18224
24689
24518
-18432
-29226
10956
32031
-2745
-32735
-5665
31277
13718
-27741
-20877
22347
26656
-15445
-30659
7489
32604
990
-32345
-9421
29886
17227
-25381
-23871
19125
28888
-11537
-31921
3135
32746
5503
-31293
-13775
27647
21099
-22050
-26953
14886
30913
-6652
-32686
-2073
32132
10668
-29274
-18516
24305
25045
-17569
-29774
9545
32348
-808
-32566
-8006
30397
16250
-25984
-23312
19641
28661
-11826
-31888
3114
32739
5850
-31135
-14392
27182
21865
-21163
-27695
13525
31429
-4839
-32767
-4236
31592
13002
-27979
-20782
22193
26966
-14671
-31062
5989
32737
3180
-31845
-12118
28440
20115
-22777
-26533
15292
30851
-6572
-32709
-2693
31945
11758
-28604
-19892
22941
26429
-15403
-30826
6593
32711
2775
-31915
-11932
28487
20122
-22696
-26660
15007
30991
-6053
-32741
-3426
31747
12635
-28078
-20796
22027
27210
-14095
-31322
4946
32767
4643
-31407
-13852
27340
21884
-20904
-28037
12643
31765
-3265
-32729
-6416
30829
15553
-26215
-23336
19278
29071
-10621
-32236
1003
32535
8722
-29924
-17685
24622
25072
-17091
-30210
8000
32619
1835
-32065
-11520
28581
20170
-22470
-26982
14281
31320
-4757
-32767
-5225
31173
14739
-26670
-22893
19663
28916
-10796
-32229
895
32504
9109
-29697
-18265
24059
25697
-16113
-30683
6608
32731
3550
-31628
-13383
27463
21937
-20623
-28371
11761
32047
-1733
-32590
-8483
29927
17881
-24306
-25527
16267
30654
-6597
-32736
-3749
31549
13738
-27195
-22363
20095
28748
-10952
-32233
682
32450
9675
-29359
-19062
23258
26511
-14758
-31246
4722
32763
5819
-30889
-15774
25799
24104
-18009
-29928
8320
32624
2260
-31889
-12619
27785
21661
-20729
-28419
11456
32159
-944
-32467
-9687
29292
19294
-22957
-26837
14131
31487
-3758
-32726
-7041
30400
17090
-24745
-25283
16365
30711
-6169
-32760
-4725
31186
15114
-26146
-23839
18184
29916
-8175
-32653
-2767
31724
13416
-27216
-22567
19620
29175
-9785
-32476
-1182
32076
12031
-28002
-21518
20704
28544
-11008
-32286
23
32293
10982
-28546
-20727
21464
28066
-11859
-32127
846
32416
10285
-28881
-20218
21921
27769
-12346
-32029
1285
32472
9948
-29027
-20005
22089
27671
-12477
-32008
1341
32474
9975
-28994
-20095
21973
27777
-12253
-32067
1014
32422
10367
-28779
-20486
21570
28081
-11672
-32198
305
32305
11118
-28370
-21165
20867
28566
-10725
-32376
-788
32095
12218
-27739
-22113
19844
29202
-9402
-32566
-2262
31755
13652
-26853
-23299
18475
29947
-7690
-32717
-4111
31232
15394
-25666
-24680
16728
30742
-5578
-32766
-6324
30466
17408
-24127
-26199
14573
31516
-3062
-32635
-8876
29384
19641
-22182
-27780
11980
32182
-143
-32234
-11730
27909
22026
-19776
-29332
8929
32636
3157
-31465
-14828
25960
24471
-16862
-30744
5415
32760
6801
-30222
-18087
23461
26862
-13406
-31883
1453
32427
10721
-28398
-21399
20345
29060
-9393
-32601
-2912
31500
14819
-25894
-24621
16566
30901
-4841
-32738
-7599
29848
18957
-22628
-27580
12108
32200
192
-32126
-12481
27348
22957
-18546
-30072
6999
32760
5597
-30605
-17383
23906
26601
-13639
-31868
1322
32379
11210
-28035
-22077
19471
29635
-7958
-32728
-4775
30868
16801
-24316
-26288
14051
31778
-1625
-32413
-11067
28075
22077
-19410
-29699
7738
32741
5148
-30713
-17253
23907
26688
-13365
-31970
719
32254
12058
-27473
-22955
18360
30248
-6335
-32767
-6710
30094
18707
-22630
-27740
11547
32356
1398
-31795
-14137
26126
24618
-16242
-31143
3720
32639
9421
-28842
-21049
20348
29264
-8524
-32710
-4711
30802
17190
-23831
-26859
12926
32109
130
-32056
-13181
26685
24060
-16868
-30946
4224
32672
9143
-28928
-20993
20320
29329
-8279
-32730
-5176
30599
17772
-23277
-27367
11987
32315
1361
-31751
-14495
25750
25160
-15321
-31514
2241
32444
11243
-27767
-22799
18271
30412
-5588
-32743
-8086
29363
20364
-20842
-29090
8652
32717
5075
-30585
-17924
23049
27620
-11420
-32430
-2251
31480
15538
-24916
-26069
13889
31946
-359
-32098
-13253
26473
24494
-16064
-31323
2735
32487
11106
-27751
-22945
17955
30614
-4868
-32696
-9126
28786
21463
-19580
-29865
6754
32767
7336
-29609
-20084
20955
29118
-8393
-32740
-5750
30253
18836
-22100
-28407
9788
32651
4380
-30747
-17740
23033
27761
-10947
-32529
-3233
31117
16815
-23772
-27204
11874
32399
2313
-31385
-16074
24331
26755
-12577
-32283
-1623
31568
15526
-24724
-26429
13061
32195
1164
-31679
-15178
24959
26234
-13331
-32145
-936
31729
15035
-25043
-26176
13388
32139
939
-31719
-15097
24976
26258
-13233
-32178
-1174
31651
15363
-24758
-26476
12866
32257
1641
-31518
-15832
24384
26825
-12282
-32368
-2338
31310
16498
-23843
-27293
11477
32495
3265
-31012
-17351
23125
27867
-10444
-32621
-4419
30606
18380
-22215
-28526
9177
32722
5796
-30067
-19570
21095
29246
-7671
-32768
-7388
29370
20900
-19746
-29996
5919
32725
9184
-28483
-22345
18151
30741
-3920
-32556
-11169
27375
23872
-16290
-31439
1674
32217
13321
-26012
-25442
14148
32042
811
-31662
-15610
24360
27009
-11712
-32496
-3522
30842
17999
-22388
-28519
8978
32742
6436
-29709
-20439
20069
29908
-5946
-32716
-9520
28212
22873
-17379
-31107
2630
32353
12728
-26307
-25230
14308
32037
946
-31586
-16001
23953
27431
-10854
-32616
-4739
30348
19264
-21122
-29384
7032
32757
8692
-28581
-22427
17796
30989
-2876
-32373
-12727
26234
25386
-13977
-32137
-1558
31382
16745
-23272
-28020
9688
32718
6192
-29710
-20628
19680
30201
-4979
-32625
-10919
27300
24237
-15468
-31791
-69
31756
15606
-24115
-27417
10677
32652
5344
-30027
-20094
20150
30003
-5386
-32653
-10700
27378
24202
-15435
-31821
-286
31679
15954
-23783
-27729
10045
32707
6177
-29640
-20894
19259
30467
-4105
-32508
-12082
26488
25286
-13875
-32209
-2209
31105
17757
-22222
-28877
7761
32765
8663
-28418
-22924
16906
31417
-1113
-31976
-14979
24433
27287
-10677
-32671
-5810
29736
20833
-19205
-30545
3747
32441
12687
-26009
-25877
12877
32414
3589
-30589
-19144
20846
29757
-5688
-32654
-10964
27059
24777
-14403
-32137
-2030
31097
17948
-21903
-29172
6945
32733
9857
-27670
-24075
15291
31940
1148
-31347
-17299
22428
28867
-7530
-32754
-9392
27898
23820
-15570
-31881
-946
31390
17224
-22452
-28879
7451
32750
9579
-27765
-24031
15248
31976
1424
-31232
-17724
21975
29205
-6707
-32712
-10412
27259
24692
-14315
-32199
-2581
30842
18781
-20971
-29807
5288
32590
11876
-26331
-25758
12743
32482
4410
-30150
-20348
19388
30606
-3182
-32291
-13932
24902
27143
-10492
-32715
-6893
29049
22345
-17155
-31479
383
31682
16515
-22868
-28723
7524
32743
9985
-27400
-24652
14196
32257
3098
-30594
-19518
20113
30322
-3814
-32372
-13605
25046
27095
-10444
-32725
-7210
28832
22780
-16523
-31711
-628
31369
17612
-21828
-29441
5864
32621
11843
-26188
-26072
12014
32605
5730
-29484
-21790
17607
31390
-480
-31651
-16805
22467
29087
-6557
-32674
-11332
26465
25837
-12296
-32582
-5588
29511
21803
-17524
-31441
222
31562
17163
-22101
-29349
5909
32610
12099
-25924
-26429
11306
32683
6789
-28922
-22816
16270
31841
1402
-31061
-18658
20689
30162
-3906
-32335
-14103
24476
27748
-8998
-32768
-9298
27572
24707
-13756
-32402
-4380
29947
21159
-18086
-31301
522
31593
17222
-21914
-29541
5296
32521
13014
-25188
-27210
9844
32762
8648
-27877
-24397
14085
32362
4226
-29969
-21199
17955
31377
-158
-31465
-17706
21406
29870
-4422
-32385
-14009
24406
27912
-8496
-32756
-10192
26937
25574
-12325
-32618
-6330
28995
22928
-15862
-32016
-2492
30585
20043
-19077
-30999
1262
31724
16986
-21947
-29621
4883
32434
13818
-24462
-27936
8330
32747
10597
-26617
-25996
11570
32694
7372
-28420
-23853
14579
32315
4187
-29880
-21556
17343
31646
1080
-31016
-19152
19850
30728
-1919
-31847
-16681
22098
29599
-4786
-32398
-14181
24091
28297
-7500
-32695
-11686
25833
26859
-10049
-32765
-9224
27336
25317
-12422
-32636
-6820
28612
23704
-14616
-32336
-4493
29679
22048
-16630
-31893
-2262
30551
20374
-18464
-31331
-138
31248
18707
-20125
-30676
1869
31787
17065
-21617
-29951
3751
32189
15466
-22950
-29179
5505
32470
13925
-24132
-28378
7126
32649
12456
-25174
-27567
8616
32743
11067
-26085
-26762
9974
32767
9769
-26878
-25978
11203
32739
8568
-27561
-25227
12304
32670
7470
-28145
-24520
13282
32573
6478
-28639
-23868
14139
32460
5597
-29053
-23278
14879
32340
4829
-29394
-22758
15506
32223
4175
-29670
-22313
16022
32115
3637
-29886
-21948
16432
32024
3216
-30048
-21667
16736
31952
2912
-30159
-21473
16937
31905
2726
-30223
-21367
17036
31884
2657
-30240
-21351
17035
31890
2706
-30212
-21424
16932
31922
2873
-30138
-21586
16727
31980
3157
-30015
-21835
16420
32061
3559
-29841
-22170
16007
32160
4078
-29611
-22586
15487
32273
4712
-29321
-23079
14857
32392
5461
-28963
-23644
14113
32510
6324
-28531
-24274
13251
32617
7297
-28017
-24962
12270
32704
8378
-27410
-25698
11164
32757
9562
-26703
-26471
9931
32764
10844
-25884
-27270
8569
32712
12218
-24943
-28081
7074
32583
13675
-23869
-28888
5448
32362
15205
-22653
-29673
3691
32031
16795
-21283
-30417
1804
31572
18431
-19753
-31100
-206
30966
20095
-18052
-31699
-2334
30195
21769
-16176
-32189
-4569
29241
23430
-14121
-32545
-6899
28086
25052
-11884
-32740
-9305
26713
26608
-9469
-32746
-11769
25108
28066
-6881
-32535
-14265
23258
29393
-4130
-32080
-16764
21156
30553
-1231
-31355
-19233
18795
31509
1796
-30333
-21635
16176
32222
4925
-28994
-23927
13305
32653
8123
-27319
-26064
10193
32762
11351
-25294
-27996
6860
32513
14564
-22911
-29673
3333
31871
17711
-20170
-31039
-351
30806
20734
-17080
-32043
-4148
29292
23569
-13657
-32630
-8004
27313
26150
-9931
-32752
-11856
24861
28406
-5941
-32363
-15631
21938
30265
-1739
-31425
-19250
18561
31656
2609
-29908
-22626
14758
32510
7028
-27797
-25669
10575
32765
11426
-25088
-28284
6072
32367
15705
-21795
-30379
1330
31274
19754
-17949
-31864
-3559
29459
23459
-13604
-32655
-8483
26914
26699
-8833
-32681
-13316
23652
29357
-3732
-31888
-17922
19712
31317
1581
-30240
-22157
15157
32477
6968
-27727
-25871
10081
32747
12273
-24365
-28916
4603
32062
17326
-20205
-31155
-1129
30380
21948
-15331
-32462
-6942
27696
25958
-9863
-32735
-12642
24039
29180
-3954
-31901
-18020
19482
31449
2207
-29924
-22860
14139
32625
8405
-26813
-26947
8170
32600
14400
-22624
-30075
1777
31305
19940
-17466
-32064
-4803
28725
24769
-11502
-32768
-11300
24900
28640
-4946
-32085
-17424
19930
31330
1940
-29974
-22878
13984
32653
8853
-26457
-27370
7292
32476
15466
-21633
-30636
140
30732
21436
-15675
-32449
-7133
27431
26429
-8832
-32644
-14158
22668
30133
-1422
-31134
-20546
16630
32288
6179
-27920
-25916
9590
32700
13554
-23102
-29915
1904
31263
20265
-16886
-32247
-6007
27979
25884
-9581
-32695
-13674
22964
30018
-1588
-31148
-20608
16455
32342
6619
-27616
-26335
8806
32625
14514
-22246
-30426
473
30762
21556
-15318
-32533
-8006
26789
27226
-7247
-32428
-16044
20897
31065
1441
-30026
-23048
13432
32720
10140
-25410
-28460
4883
31981
18200
-18839
-31806
-4144
28808
24976
-10740
-32746
-12966
23355
29885
-1695
-31112
-20869
15969
32458
7599
-26937
-27171
7186
32395
16379
-20474
-31282
-2307
29600
23878
-12191
-32767
-11715
24215
29394
-2745
-31398
-20204
16624
32362
7057
-27195
-26970
7438
32418
16327
-20443
-31323
-2545
29453
24175
-11691
-32766
-12399
23645
29795
-1715
-31055
-21159
15464
32556
8542
-26253
-27913
5647
32082
18051
-18741
-31904
-4853
28312
25804
-9208
-32622
-14960
21533
30923
1402
-29881
-23579
12373
32767
11973
-23867
-29717
1762
31027
21331
-15142
-32609
-9156
25782
28380
-4611
-31819
-19141
17524
32230
6561
-27324
-26993
7129
32327
17071
-19541
-31709
-4223
28542
25627
-9315
-32616
-15172
21220
31113
2164
-29484
-24338
11171
32744
13482
-22589
-30500
-400
30197
23174
-12710
-32766
-12029
23678
29919
-1064
-30721
-22173
13943
32725
10835
-24516
-29410
2223
31094
21362
-14884
-32658
-9914
25126
29004
-3078
-31343
-20762
15543
32592
9274
-25526
-28723
3631
31490
20389
-15931
-32548
-8922
25731
28582
-3882
-31549
-20249
16053
32536
8860
-25747
-28588
3833
31525
20348
-15911
-32559
-9090
25575
28740
-3483
-31417
-20681
15502
32612
9609
-25209
-29032
2831
31213
21243
-14821
-32681
-10412
24636
29447
-1876
-30895
-22019
13858
32743
11493
-23840
-29962
617
30439
22990
-12601
-32768
-12839
22795
30547
946
-29810
-24128
11038
32716
14431
-21476
-31160
-2808
28970
25398
-9156
-32541
-16246
19853
31753
4960
-27874
-26755
6945
32188
18250
-17896
-32266
-7386
26475
28143
-4400
-31594
-20396
15579
32630
10058
-24723
-29494
1526
30693
22628
-12877
-32768
-12937
22571
30729
1662
-29416
-24874
9780
32595
15967
-19977
-31756
-5133
27694
27044
-6287
-32020
-19074
16906
32472
8838
-25460
-29036
2416
30952
22164
-13343
-32766
-12704
22662
30730
1792
-29302
-25123
9289
32523
16634
-19259
-31993
-6267
26989
27814
-4774
-31626
-20500
15236
32683
10910
-23950
-30081
-138
29968
24151
-10608
-32655
-15584
20150
31755
5346
-27459
-27407
5432
31772
20118
-15586
-32659
-10705
24037
30066
191
-29911
-24307
10303
32619
16023
-19680
-31916
-6106
26980
27916
-4403
-31477
-21068
14421
32743
12102
-22936
-30691
-1949
29108
25564
-8359
-32349
-17912
17796
32372
8521
-25441
-29215
1668
30571
23223
-11655
-32717
-15010
20477
31709
5392
-27307
-27683
4700
31520
21055
-14308
-32753
-12481
22539
30927
2782
-28646
-26249
7134
32096
19185
-16356
-32605
-10407
24059
30166
727
-29566
-25033
8978
32417
17699
-17846
-32393
-8836
25110
29532
-760
-30156
-24119
10250
32579
16654
-18820
-32204
-7801
25752
29100
-1674
-30483
-23563
10967
32647
16087
-19310
-32098
-7316
26026
28916
-2016
-30589
-23397
11143
32659
16016
-19334
-32102
-7388
25949
29000
-1786
-30487
-23629
10779
32620
16441
-18894
-32216
-8015
25517
29341
-985
-30163
-24248
9870
32508
17351
-17973
-32409
-9191
24701
29906
389
-29578
-25217
8401
32272
18715
-16540
-32620
-10894
23453
30630
2333
-28663
-26476
6353
31829
20482
-14553
-32758
-13092
21704
31418
4835
-27331
-27935
3711
31072
22575
-11966
-32702
-15726
19380
32145
7866
-25474
-29469
473
29869
24881
-8740
-32303
-18707
16402
32649
11365
-22979
-30918
-3340
28072
27250
-4854
-31385
-21902
12705
32738
15231
-19736
-32081
-7665
25530
29482
-325
-29758
-25129
8254
32193
19308
-15654
-32718
-12384
22100
31333
4777
-27233
-28149
3065
30779
23375
-10690
-32563
-17308
17674
32513
10307
-23637
-30661
-2775
28268
27139
-4868
-31335
-22164
12207
32700
16029
-18853
-32316
-9077
24467
30234
1688
-28772
-26591
5747
31566
21600
-12846
-32734
-15538
19254
32243
8730
-24662
-30146
-1526
28817
26573
-5711
-31539
-21726
12630
32719
15861
-18902
-32328
-9274
24241
30412
2289
-28413
-27088
4761
31244
22534
-11550
-32629
-16980
17775
32530
10695
-23165
-30980
-3972
27497
28072
-2884
-30599
-23958
9574
32360
18839
-15812
-32729
-12951
21342
31716
6556
-25946
-29390
71
29451
25871
-6654
-31733
-21324
12926
32725
15952
-18642
-32410
-9984
23588
30828
3664
-27586
-28063
2755
30499
24245
-9028
-32240
-19538
14921
32765
14137
-20222
-32080
-8252
24750
30233
2109
-28357
-27314
4068
30931
23450
-10060
-32403
-18793
15662
32746
13523
-20689
-31970
-7830
24982
30126
1914
-28414
-27295
4022
30889
23594
-9786
-32347
-19159
15196
32763
14147
-20086
-32146
-8730
24316
30538
3082
-27770
-28010
2617
30359
24658
-8196
-32024
-20601
13492
32739
15973
-18357
-32502
-10920
22660
31342
5597
-26293
-29314
-159
29168
26492
-5241
-31225
-22974
10458
32427
18868
-15357
-32763
-14299
19814
32242
9396
-23726
-30901
-4293
27005
28791
-877
-29585
-25985
5983
31418
22568
-10902
-32479
-18639
15520
32761
14302
-19736
-32276
-9671
23461
31056
4858
-26623
-29147
22
29165
26608
-4860
-31046
-23512
9550
32243
19941
-13997
-32749
-15983
18112
32571
11730
-21818
-31730
-7278
25052
30262
2721
-27761
-28212
1847
29907
25638
-6337
-31463
-22602
10666
32416
19175
-14758
-32766
-15431
18543
32523
11447
-21963
-31708
-7301
24967
30353
3069
-27515
-28496
1172
29578
26184
-5351
-31134
-23469
9402
32175
20406
-13262
-32698
-17056
16877
32712
13479
-20198
-32231
-9738
23183
31279
5893
-25798
-29884
-2004
28017
28081
-1871
-29821
-25909
5677
31199
23410
-9366
-32144
-20628
12889
32659
17610
-16208
-32752
-14403
19284
32435
11056
-22089
-31727
-7614
24596
30650
4122
-26785
-29230
-625
28642
27495
-2837
-30156
-25478
6226
31325
23210
-9506
-32146
-20727
12645
32624
18062
-15616
-32767
-15251
18394
32587
12328
-20959
-32097
-9327
23292
31314
6279
-25381
-30258
-3216
27216
28950
167
-28789
-27411
2841
30099
25665
-5783
-31143
-23736
8637
31925
21647
-11382
-32448
-19424
14000
32721
17090
-16477
-32752
-14668
18798
32551
12180
-20954
-32131
-9649
22936
31504
7095
-24738
-30686
-4537
26355
29690
1992
-27785
-28533
522
29029
27229
-2990
-30087
-25795
5400
30961
24245
-7738
-31657
-22597
9995
32178
20864
-12161
-32531
-19062
14229
32724
17204
-16192
-32764
-15304
18046
32659
13375
-19786
-32419
-11428
21410
32052
9475
-22917
-31568
-7526
24306
30976
5590
-25578
-30287
-3676
26733
29509
1792
-27774
-28652
56
28703
27725
-1860
-29524
-26737
3617
30241
25697
-5322
-30857
-24613
6970
31377
23493
-8559
-31805
-22345
10086
32148
21175
-11550
-32410
-19991
12948
32597
18799
-14281
-32713
-17604
15548
32764
16412
-16749
-32756
-15229
17884
32694
14057
-18955
-32584
-12903
19963
32429
11769
-20909
-32236
-10658
21794
32009
9575
-22621
-31753
-8521
23392
31473
7499
-24108
-31172
-6511
24772
30855
5559
-25387
-30525
-4643
25954
30187
3767
-26475
-29844
-2930
26954
29499
2134
-27393
-29156
-1379
27793
28817
665
-28157
-28484
6
28487
28161
-634
-28786
-27849
1220
29054
27551
-1762
-29295
-27269
2262
29510
27005
-2719
-29701
-26759
3133
29868
26533
-3505
-30014
-26329
3833
30139
26148
-4119
-30246
-25991
4362
30334
25858
-4564
-30405
-25751
4722
30459
25669
-4839
-30497
-25613
4913
30519
25584
-4946
-30526
-25581
4936
30517
25605
-4884
-30493
-25655
4790
30453
25732
-4654
-30397
-25834
4476
30324
25962
-4255
-30233
-26114
3992
30124
26291
-3686
-29996
-26490
3338
29847
26711
-2947
-29677
-26953
2513
29484
27214
-2036
-29266
-27493
1517
29021
27787
-954
-28749
-28096
348
28446
28417
300
-28112
-28748
-990
27743
29086
1723
-27338
-29429
-2497
26894
29774
3313
-26410
-30118
-4168
25883
30457
5062
-25310
-30788
-5995
24689
31108
6964
-24018
-31413
-7968
23295
31698
9005
-22517
-31959
-10073
21683
32192
11169
-20789
-32393
-12291
19836
32556
13435
-18820
-32676
-14598
17741
32748
15775
-16597
-32767
-16963
15387
32728
18157
-14112
-32626
-19352
12770
32454
20541
-11364
-32208
-21719
9892
31882
22880
-8357
-31471
-24016
6760
30970
25120
-5104
-30374
-26184
3393
29679
27201
-1629
-28879
-28162
-182
27972
29058
2034
-26954
-29879
-3923
25822
30618
5840
-24575
-31263
-7778
23210
31806
9728
-21727
-32237
-11681
20127
32547
13626
-18410
-32725
-15553
16579
32764
17448
-14638
-32654
-19299
12591
32388
21093
-10444
-31958
-22816
8205
31357
24452
-5882
-30579
-25987
3486
29620
27406
-1029
-28476
-28691
-1477
27146
29829
4017
-25629
-30802
-6573
23926
31597
9130
-22041
-32197
-11667
19977
32590
14165
-17744
-32761
-16603
15349
32700
18957
-12805
-32395
-21205
10126
31838
23322
-7328
-31022
-25286
4431
29944
27071
-1455
-28600
-28654
-1575
26992
30011
4634
-25124
-31121
-7694
23003
31960
10724
-20639
-32512
-13693
18046
32756
16569
-15242
-32680
-19316
12247
32271
21901
-9088
-31520
-24289
5792
30423
26445
-2392
-28978
-28336
-1077
27190
29928
4576
-25068
-31193
-8064
22624
32102
11496
-19879
-32632
-14828
16855
32761
18013
-13583
-32474
-21003
10098
31760
23750
-6440
-30615
-26210
2653
29039
28337
1212
-27040
-30089
-5102
24635
31428
8961
-21845
-32321
-12728
18700
32738
16344
-15237
-32659
-19745
11502
32069
22871
-7547
-30962
-25662
3428
29339
28061
788
-27212
-30014
-5034
24602
31475
9235
-21542
-32402
-13316
18072
32764
17199
-14243
-32536
-20805
10117
31706
24060
-5762
-30272
-26891
1257
28245
29230
3315
-25648
-31017
-7863
22517
32199
12295
-18902
-32737
-16515
14865
32601
20428
-10479
-31775
-23942
5831
30259
26970
-1014
-28068
-29431
-3866
25233
31254
8702
-21802
-32381
-13379
17840
32767
17785
-13426
-32386
-21806
8655
31224
25336
-3635
-29292
-28273
-1516
26619
30531
6671
-23253
-32034
-11699
19265
32725
16464
-14744
-32566
-20834
9797
31540
24683
-4549
-29655
-27892
-865
26942
30357
6297
-23458
-31991
-11594
19283
32729
16600
-14523
-32527
-21162
9303
31370
25135
-3769
-29272
-28386
-1920
26274
30800
7592
-22448
-32283
-13071
17896
32767
18179
-12747
-32216
-22745
7151
30624
26608
-1284
-28021
-29626
-4668
24472
31679
10505
-20075
-32678
-16027
14965
32565
21037
-9301
-31322
-25347
3273
28967
28792
2912
-25564
-31227
-9035
21213
32545
14869
-16055
-32674
-20192
10266
31584
24794
-4053
-29292
-28484
-2357
25862
31102
8717
-21406
-32524
-14777
16079
32670
20289
-10077
-31509
-25022
3629
29063
28765
3008
-25408
-31346
-9562
20674
32634
15756
-15038
-32549
-21320
8726
31069
26001
-1999
-28233
-29578
-4858
24140
31874
11541
-18949
-32760
-17748
12873
32172
23186
-6175
-30108
-27593
-847
26639
30743
7872
-21902
-32467
-14567
16098
32655
20605
-9488
-31272
-25682
2379
28357
29532
4887
-24027
-31943
-11953
18474
32767
18458
-11958
-31939
-24062
4794
29468
28460
2657
-25458
-31403
-10011
20090
32710
16878
-13629
-32285
-22881
6401
30121
27683
1213
-26307
-30999
-8802
21025
32622
15945
-14546
-32434
-22233
7215
30416
27297
566
-26652
-30825
-8355
21332
32589
15701
-14741
-32456
-22164
7247
30405
27347
717
-26527
-30917
-8680
21028
32633
16155
-14217
-32354
-22670
6494
30066
27802
1666
-25885
-31204
-9750
20050
32635
17237
-12916
-31976
-23634
4932
29244
28508
3390
-24594
-31517
-11498
18313
32439
18849
-10806
-31191
-24935
2571
27834
29329
5835
-22581
-31712
-13832
15777
31899
20858
-7888
-29860
-26410
-538
25723
30080
8902
-19769
-31594
-16601
12417
30827
23071
-4195
-27823
-27831
-4296
22792
30519
12425
-16101
-30925
-19583
8247
29012
25223
178
-24917
-28911
-8529
18951
30358
16162
-11572
-29448
-22480
3356
26251
26984
5049
-21020
-29317
-12973
14172
29294
19780
-6262
-26920
-24920
-2066
22392
27977
10128
-16088
-28704
-17258
8539
27050
22864
-379
-23162
-26482
-7699
17381
27814
15007
-10212
-26760
-20924
2281
23427
24946
5718
-18122
-26736
-13085
11327
26155
19172
-3657
-23278
-23451
-4194
18383
25556
11516
-11936
-25319
-17652
4541
22790
22052
3110
-18231
-24334
-10305
12094
24314
16379
-4976
-22027
-20777
-2437
17727
23108
9433
-11856
-23183
-15348
5008
21037
19630
2135
-16919
-21892
-8868
11274
21952
14536
-4690
-19853
-18598
-2154
15851
20684
8565
-10395
-20631
-13903
4076
18497
17652
2438
-14556
-19468
-8468
9267
19216
13401
-3221
-16984
-16752
-2925
13068
18216
8514
-7938
-17699
-12969
2186
15325
15849
3546
-11416
-16897
-8633
6458
16070
12543
-1037
-13532
-14890
-4226
9639
15478
8750
-4884
-14319
-12056
-153
11626
13826
4886
-7780
-13932
-8785
3284
12449
11441
1304
-9635
-12611
-5440
5897
12244
8662
-1735
-10476
-10640
-2328
7609
11216
5804
-4064
-10416
-8311
324
8437
9609
3133
-5613
-9630
-5898
2368
8476
7676
851
-6394
-8328
-3632
3738
7873
5653
-912
-6481
-6726
-1691
4436
6806
3743
-2090
-5998
-5028
-196
4523
5460
2105
-2680
-5093
-3412
792
4097
4012
847
-2725
-3924
-2021
1261
3284
2618
32
-2306
-2645
-955
1240
2217
1405
-322
-1524
-1392
-275
793
1027
467
-233
-491
-279
-5
